9.835855866433044881e+00 1.737018267528068760e-01
-9.923359393030604991e+00 -1.046697190447803294e+00
-9.921333325135201164e+00 -1.046057228428365349e+00
-9.921364109209189763e+00 -1.044447901220253216e+00
-9.921565843273560503e+00 -1.043046748308353644e+00
-9.922407855378615693e+00 -1.041555382899046478e+00
-9.922056167944209193e+00 -1.045727870333160503e+00
-9.922324366783328742e+00 -1.052354509544864980e+00
-9.920360845141701134e+00 -1.050905110493207895e+00
-9.922373689441331024e+00 -1.051626940516909192e+00
-9.923229871817770942e+00 -1.051967495905306249e+00
-9.921456164283783963e+00 -1.053503813599494743e+00
-9.922194605351522867e+00 -1.054126909659147460e+00
-9.921914410061793532e+00 -1.054638147322111807e+00
-9.927204955244974371e+00 -1.054690170953341832e+00
-9.935376281214875149e+00 -1.060631485057053514e+00
-9.939148582736303084e+00 -1.059107982232293743e+00
-9.935983222563924855e+00 -1.059079511837477394e+00
-9.934741073703477809e+00 -1.057192439832189468e+00
-9.933861542265477240e+00 -1.054176018410526883e+00
-9.932606168480953457e+00 -1.052655981555226994e+00
-9.934168838744527719e+00 -1.050136013075026797e+00
-9.940855919569626664e+00 -1.047854216286361106e+00
-9.937614500562448328e+00 -1.045744487220232388e+00
-9.936245731789888680e+00 -1.046828980138836851e+00
-9.936801655807242284e+00 -1.049862148671132367e+00
-9.935276820532218167e+00 -1.052848827446930091e+00
-9.937177148117855907e+00 -1.055108538702227206e+00
-9.938696267273062546e+00 -1.057205895057357736e+00
-9.940655504748180604e+00 -1.059164912055619467e+00
-9.942558016005095922e+00 -1.061574321856120662e+00
-9.944405999980405753e+00 -1.064130780743612004e+00
-9.947438490312785930e+00 -1.067063959045599475e+00
-9.948487585415756840e+00 -1.068400531059621406e+00
-9.948678439770571202e+00 -1.067713457430460089e+00
-9.949289892125229073e+00 -1.070291614713242634e+00
-9.950227085866290011e+00 -1.071071315770050658e+00
-9.950715900703476890e+00 -1.069738534754669734e+00
-9.952851895258012505e+00 -1.070742586442676281e+00
-9.951888239223771748e+00 -1.070684012347324465e+00
-9.950683643379365506e+00 -1.070870571714092723e+00
-9.949395401553569940e+00 -1.071355595186988863e+00
-9.950770874365911567e+00 -1.070789863044552703e+00
-9.951609166057352240e+00 -1.070810730845338732e+00
-9.953970782236707393e+00 -1.070410750928397547e+00
-9.956206804231241492e+00 -1.070709451276218527e+00
-9.956372711537934350e+00 -1.071022034219209385e+00
-9.957409907651605607e+00 -1.071147090974305049e+00
-9.957423071972474560e+00 -1.072309181600874517e+00
-9.959729579886055006e+00 -1.072255848988879823e+00
-9.960771905031599260e+00 -1.073535174164845563e+00
-9.965168446368755539e+00 -1.074468253537000262e+00
-9.966068199742711187e+00 -1.075239408529933716e+00
-9.967134237770899574e+00 -1.075009439013339119e+00
-9.967019880514428110e+00 -1.075764761905001698e+00
-9.969436031976018242e+00 -1.077367505039423135e+00
-9.970488963629001944e+00 -1.077337322412971421e+00
-9.969498410041444103e+00 -1.077176166947780178e+00
-9.969515407094304393e+00 -1.078336476792696175e+00
-9.969711808841658751e+00 -1.078546721155645205e+00
-9.969105928941964123e+00 -1.076235043599986341e+00
-9.971537027743902826e+00 -1.075221058910677208e+00
-9.972019739202202970e+00 -1.073476683878188176e+00
-9.975431891088835101e+00 -1.073881133977188984e+00
-9.978954006917623687e+00 -1.073683976887135572e+00
-9.981002071496783756e+00 -1.074868909033963149e+00
-9.982053861477377055e+00 -1.074582574230938281e+00
-9.982126870521936368e+00 -1.075339729396523447e+00
-9.983364848723834228e+00 -1.075208086830023113e+00
-9.984884352464508339e+00 -1.074680426488900498e+00
-9.985120989581080408e+00 -1.074485601786109745e+00
-9.985519781572993026e+00 -1.073188146991218339e+00
-9.985809709233183895e+00 -1.072541681196662378e+00
-9.986208014984535808e+00 -1.071294158557361875e+00
-9.986335227264032000e+00 -1.071649452257425583e+00
-9.984288551796730360e+00 -1.070218702797844701e+00
-9.983456475714438838e+00 -1.068854575160125941e+00
-9.987032351326098123e+00 -1.068246590488551639e+00
-9.990997193953392141e+00 -1.066589622487728262e+00
-9.993490218295905336e+00 -1.066318819344149293e+00
-9.995714310501616851e+00 -1.067650903058360079e+00
-9.995882741455467624e+00 -1.066396008560491993e+00
-9.996051048736150690e+00 -1.065191284156812745e+00
-9.998597355206001680e+00 -1.064516769329179047e+00
-1.000093583822795296e+01 -1.065069540585236396e+00
-1.000219875141527481e+01 -1.064629819730516846e+00
-1.000122893792531009e+01 -1.063965184763145722e+00
-1.000238471075604529e+01 -1.064176775802793129e+00
-1.000400785764635714e+01 -1.062787617607614976e+00
-1.000527647593518132e+01 -1.062221174243140442e+00
-1.000542902865476691e+01 -1.062221724155036018e+00
-1.000599586224176818e+01 -1.065591068298949784e+00
-1.000532636443554502e+01 -1.070129609994612263e+00
-1.000601442296736110e+01 -1.074004693353756590e+00
-1.000507577030719375e+01 -1.072813424193077347e+00
-1.000520643020025702e+01 -1.072538018962520434e+00
-1.000656777359067817e+01 -1.072375914709158051e+00
-1.000573530668746969e+01 -1.070582985353021988e+00
-1.000586572788108697e+01 -1.070307451626893558e+00
-1.000869635517440770e+01 -1.068752968519752322e+00
-1.000885369286277893e+01 -1.068376819438270120e+00
-1.000903631277521555e+01 -1.067699656600758384e+00
-1.001146794074669799e+01 -1.068451583775378078e+00
-1.001274814206911401e+01 -1.068589083784595939e+00
-1.001536564287303577e+01 -1.068186670744551092e+00
-1.001767001323263173e+01 -1.069465052475604638e+00
-1.001889790325900798e+01 -1.069953271639827452e+00
-1.001897419902108055e+01 -1.069877434331407473e+00
-1.001924145237156694e+01 -1.068522193604022563e+00
-1.002181085301191032e+01 -1.068144263303532071e+00
-1.002456110125528532e+01 -1.066887388982489693e+00
-1.002488211328559231e+01 -1.065330605161085797e+00
-1.002687690368761864e+01 -1.061100185597869894e+00
-1.002928668508021381e+01 -1.061524749765248243e+00
-1.003017536322429493e+01 -1.063794602978519244e+00
-1.003389669934250605e+01 -1.063829155729098641e+00
-1.003494347571234968e+01 -1.065045386345879308e+00
-1.003734857094492661e+01 -1.065645321179749194e+00
-1.003873926256585136e+01 -1.064753128527793802e+00
-1.003915306824034204e+01 -1.063601801342664688e+00
-1.004046465329611948e+01 -1.063211461454624862e+00
-1.004096303420034353e+01 -1.061382993679831577e+00
-1.004361162469982638e+01 -1.060301644304411539e+00
-1.004600129034311706e+01 -1.060652224032532454e+00
-1.004872955318199601e+01 -1.059068859646634220e+00
-1.005029548363703640e+01 -1.058331104650148013e+00
-1.005155905207912248e+01 -1.057967487622734293e+00
-1.005289646453654306e+01 -1.057276653843453262e+00
-1.005310329188875329e+01 -1.057105974233086609e+00
-1.005317182586826341e+01 -1.057863823520296176e+00
-1.005606119822011202e+01 -1.055475571677767510e+00
-1.005800429955672115e+01 -1.052352568975397418e+00
-1.006071255622837768e+01 -1.050695190454080441e+00
-1.006119957320563429e+01 -1.049877178105293130e+00
-1.006123989803542074e+01 -1.050537053078280048e+00
-1.006176466331945285e+01 -1.048357847178721158e+00
-1.006202341502380371e+01 -1.047636789941750912e+00
-1.006497231812706339e+01 -1.044672411327156381e+00
-1.006651833346303881e+01 -1.043811284351835678e+00
-1.006895585650402580e+01 -1.043737764331927886e+00
-1.007156086364408942e+01 -1.042883349581792185e+00
-1.007287825233854583e+01 -1.042069857039974234e+00
-1.007511006553719568e+01 -1.043178483963501435e+00
-1.007544334531349683e+01 -1.042130272400118685e+00
-1.007708088747367903e+01 -1.039556494777042150e+00
-1.007852156613417272e+01 -1.039299525937702917e+00
-1.008114247865968238e+01 -1.039357088816837082e+00
-1.008342782232067947e+01 -1.040115582511877079e+00
-1.008379424122325574e+01 -1.038742539073398863e+00
-1.008561932096756486e+01 -1.035062978882908435e+00
-1.008604394282372851e+01 -1.032251711124214655e+00
-1.008739568077343307e+01 -1.031163859568497099e+00
-1.008900714945839994e+01 -1.028493219966214012e+00
-1.009047527097952468e+01 -1.027937463385970807e+00
-1.008999872133704123e+01 -1.025598587675347950e+00
-1.009165465825934405e+01 -1.024184677658079412e+00
-1.009245958565645651e+01 -1.021780236609705739e+00
-1.009393988049039237e+01 -1.020211162789145698e+00
-1.009423899966738958e+01 -1.018129152865332232e+00
-1.009531246766581347e+01 -1.018800165372522937e+00
-1.009625289688117000e+01 -1.020424146648565955e+00
-1.009652593942865906e+01 -1.018641697548822611e+00
-1.009706570806853065e+01 -1.015250712189307958e+00
-1.009722555576534830e+01 -1.014196472517935987e+00
-1.009872672102116731e+01 -1.012749373002530984e+00
-1.010022169455046459e+01 -1.011673857551128375e+00
-1.010161666916031464e+01 -1.011176607252695758e+00
-1.010271158301670802e+01 -1.012217057669516862e+00
-1.010574047631726025e+01 -1.009121013787214638e+00
-1.010797023448712295e+01 -1.010653927904358262e+00
-1.010931175856531183e+01 -1.010161446722886103e+00
-1.010960486723946872e+01 -1.008500132661172000e+00
-1.010898263793368912e+01 -1.005063239495231464e+00
-1.010940194646280155e+01 -1.002869756169795012e+00
-1.011063707778851395e+01 -1.003227967961504374e+00
-1.010976804916492711e+01 -1.001521688929579712e+00
-1.011039259155862879e+01 -9.984907253936327054e-01
-1.010952267665484072e+01 -9.970316828377099316e-01
-1.011108927121558310e+01 -9.958712977718031656e-01
-1.011148012900120108e+01 -9.943714092881160704e-01
-1.011168698334655680e+01 -9.927421466713544085e-01
-1.011408099124626325e+01 -9.915844900749979374e-01
-1.011648136950778820e+01 -9.904006279313055661e-01
-1.011766590048060088e+01 -9.890304042903981241e-01
-1.011784458673053955e+01 -9.875016994665533066e-01
-1.011649221590737824e+01 -9.819710518507090979e-01
-1.011806140344278226e+01 -9.791475555507884732e-01
-1.011861685203410133e+01 -9.760925308703994885e-01
-1.011899935495617520e+01 -9.729068357321186689e-01
-1.012154303622842910e+01 -9.703392440608578084e-01
-1.012199326244424213e+01 -9.668226622390427849e-01
-1.012223998035115358e+01 -9.643914382055763790e-01
-1.012166412484935663e+01 -9.686506368051017724e-01
-1.012153435756017750e+01 -9.689790489159706421e-01
-1.012004084938583581e+01 -9.640533892900028379e-01
-1.012068190671556778e+01 -9.599923558837158977e-01
-1.012250518748269457e+01 -9.549761856700639262e-01
-1.012321526202238076e+01 -9.504097753623440559e-01
-1.012530935234770446e+01 -9.530443685984264501e-01
-1.012514337544623011e+01 -9.542873641208651225e-01
-1.012341277718208232e+01 -9.503486978565177656e-01
-1.012502824226439735e+01 -9.459628378355660061e-01
-1.012558444694109205e+01 -9.403904806332180621e-01
-1.012524580912882044e+01 -9.339848193614983529e-01
-1.012664436007022495e+01 -9.310521100311429654e-01
-1.012513760359141912e+01 -9.324029349077311846e-01
-1.012598158091109113e+01 -9.332697651175965170e-01
-1.012642931203697216e+01 -9.302749526373059741e-01
-1.012726300574885485e+01 -9.236168348399218520e-01
-1.012890725412421311e+01 -9.213819194566942317e-01
-1.012809933228614412e+01 -9.193011282230746373e-01
-1.012741935484424971e+01 -9.173804708151354070e-01
-1.012651338549679991e+01 -9.154891391853576810e-01
-1.012839433308815096e+01 -9.105155623005865007e-01
-1.012828195105600848e+01 -9.036399674940385207e-01
-1.012901958804410540e+01 -8.980380538822552161e-01
-1.013016637572963496e+01 -8.983230684811402966e-01
-1.013020987274780182e+01 -8.976370135197707656e-01
-1.013264481434078057e+01 -8.962847084852221258e-01
-1.013403918807726356e+01 -8.949677222027283552e-01
-1.013246903515826602e+01 -8.918860274413711320e-01
-1.013545846413514795e+01 -8.855835442913821964e-01
-1.013829846663606382e+01 -8.818218448686032662e-01
-1.013969194553235020e+01 -8.794931087504188616e-01
-1.014409186543049124e+01 -8.779070817531041682e-01
-1.014887107596829807e+01 -8.750908668606134366e-01
-1.015125853120398602e+01 -8.730984747949075420e-01
-1.015501725519158782e+01 -8.701836122279995589e-01
-1.015879186996692951e+01 -8.671080725533225619e-01
-1.016277596196407984e+01 -8.609602249691887810e-01
-1.016881526781630640e+01 -8.573692021492853588e-01
-1.017043649123183968e+01 -8.537011374169853895e-01
-1.017306704446663446e+01 -8.501265407170395250e-01
-1.017697126123819906e+01 -8.462531586245285453e-01
-1.017733399750458112e+01 -8.443691879855588223e-01
-1.017990126103356019e+01 -8.414001084102400441e-01
-1.018160930990791257e+01 -8.370851674376487139e-01
-1.018682114296981034e+01 -8.326945494768078770e-01
-1.018759202145321296e+01 -8.273888296146220123e-01
-1.018858545007853422e+01 -8.200273499079659967e-01
-1.019160588034957726e+01 -8.151432292755006470e-01
-1.019226028969367448e+01 -8.101687529145826794e-01
-1.019203724254524701e+01 -8.037122925049531297e-01
-1.019375478150522163e+01 -8.000291732188804517e-01
-1.019444857308089425e+01 -7.944370367495217078e-01
-1.019509164695672609e+01 -7.890999981857583778e-01
-1.019683918757471552e+01 -7.849210925689736884e-01
-1.019682994337996718e+01 -7.778842043579474730e-01
-1.019787074860119880e+01 -7.703946679993824986e-01
-1.019550108424273027e+01 -7.636559549385424361e-01
-1.019628881654336361e+01 -7.605400640660486822e-01
-1.019573744424029549e+01 -7.575673138710781185e-01
-1.019625810792773990e+01 -7.540604371935301087e-01
-1.019793362351866683e+01 -7.512734967027935307e-01
-1.019873497135364104e+01 -7.469089925086200843e-01
-1.020014360121568053e+01 -7.360621735760903839e-01
-1.020617533835926416e+01 -7.261579046916876168e-01
-1.021082023901485236e+01 -7.176833882928943531e-01
-1.021334423956325921e+01 -7.074506217552157805e-01
-1.021712441082445011e+01 -6.968020564088892588e-01
-1.022006812924674080e+01 -6.845453856311469742e-01
-1.022026250757240007e+01 -6.741812755563160175e-01
-1.022016345344464483e+01 -6.687338090955552428e-01
-1.022124792172606433e+01 -6.637394392996729398e-01
-1.022113902401997620e+01 -6.581624868508733073e-01
-1.022224623346130556e+01 -6.504463796991470925e-01
-1.022340764270568414e+01 -6.442921384760367243e-01
-1.022440088040916528e+01 -6.397017174874065626e-01
-1.022813922471535797e+01 -6.315002233300228696e-01
-1.023272349723334429e+01 -6.226198834170680874e-01
-1.023415890290993602e+01 -6.124687422688464000e-01
-1.023669144468568959e+01 -6.032407406336446343e-01
-1.023920756119036568e+01 -5.940064001123747106e-01
-1.024019741570021402e+01 -5.873524289968928835e-01
-1.024400796306148109e+01 -5.764547528180609115e-01
-1.024648169694060407e+01 -5.667619199624869264e-01
-1.024787197142490314e+01 -5.575391041966236694e-01
-1.024774013261519023e+01 -5.488915049926894607e-01
-1.025012011560250258e+01 -5.397370608575490225e-01
-1.025173823981441501e+01 -5.296019786422221376e-01
-1.025221238102581189e+01 -5.181019560463978602e-01
-1.025588480734977992e+01 -5.099410287674408515e-01
-1.025737348522324410e+01 -5.004912392580650460e-01
-1.026005181707855662e+01 -4.915659837637854079e-01
-1.026148311784576350e+01 -4.825404119937567460e-01
-1.026632702127094632e+01 -4.745525363662372320e-01
-1.026661843004929509e+01 -4.666824020173980792e-01
-1.026688755479497317e+01 -4.589033858601990201e-01
-1.026868047548846974e+01 -4.466481148760323983e-01
-1.027184429935507559e+01 -4.320135252148850080e-01
-1.027412873018676720e+01 -4.151810259600143826e-01
-1.027612409255128512e+01 -4.018712441826494675e-01
-1.027633858358102614e+01 -3.961780143213746719e-01
-1.027924550787892244e+01 -3.835425817256514769e-01
-1.027908949643857994e+01 -3.703088335712517720e-01
-1.027898422016170876e+01 -3.560195834294352935e-01
-1.027895844086157240e+01 -3.435246452776475889e-01
-1.027989450238190372e+01 -3.351743341366603124e-01
-1.028219864863899424e+01 -3.208662349904925493e-01
-1.028368290551912700e+01 -3.064811146128356700e-01
-1.028517527887901117e+01 -2.918461010258580068e-01
-1.028509980839324989e+01 -2.820914990248416521e-01
-1.028617317031517331e+01 -2.700362985231470336e-01
-1.028872508973331890e+01 -2.574629700525482567e-01
-1.028282525674465830e+01 -2.448728694574753562e-01
-1.027936675118933429e+01 -2.290019107498270090e-01
-1.027150987496096235e+01 -2.100887395986645867e-01
-1.026675355959818781e+01 -1.980367824257618370e-01
-1.026284003587964122e+01 -1.852115683018739911e-01
-1.026328332234245622e+01 -1.685730800117489769e-01
-1.026841961060572750e+01 -1.530796501245014485e-01
-1.027515943710289825e+01 -1.457213586101125669e-01
-1.027955303847246427e+01 -1.396101076666725060e-01
-1.028583791660224378e+01 -1.366637419233117101e-01
-1.029431731724450927e+01 -1.312743737622168172e-01
-1.029676133021562912e+01 -1.221761066709930732e-01
-1.030287365421329859e+01 -1.103701127381986336e-01
-1.030643578618050960e+01 -9.546529295002806337e-02
-1.031965107769577372e+01 -7.750101411079460267e-02
-1.033669128257715997e+01 -6.107885601627173477e-02
-1.035590550356577921e+01 -4.254204900253737154e-02
-1.036259975749085172e+01 -2.452409735976655500e-02
-1.036798695753566690e+01 -7.500082831998857759e-03
-1.037002892128179354e+01 8.977845022188908619e-03
-1.037627775655771600e+01 1.854001281500104042e-02
-1.037932168623760276e+01 3.432343400629387503e-02
-1.038117137263087564e+01 5.526847207789748612e-02
-1.038345536232858812e+01 8.019815507180413916e-02
-1.038567693117603241e+01 9.938214597912650716e-02
-1.038693965112234885e+01 1.197210826277207013e-01
-1.038647084824715350e+01 1.460306982677026244e-01
-1.038626185252149625e+01 1.732486100240501481e-01
-1.038469727635006734e+01 1.981571733323075624e-01
-1.038471820318172867e+01 2.252181966704612237e-01
-1.038373181312515570e+01 2.525822873720637851e-01
-1.038494410908578303e+01 2.782858122532659295e-01
-1.038733469107227592e+01 2.985704259495293167e-01
-1.039149380912821741e+01 3.338951525398245468e-01
-1.039308441186919829e+01 3.643746440651640106e-01
-1.039325979095138841e+01 3.928963239879614822e-01
-1.039304118597361892e+01 4.111820441894887823e-01
-1.039488469718582486e+01 4.267930771497689957e-01
-1.039546111747176127e+01 4.440269062173882175e-01
-1.039502602099148731e+01 4.642647719119144534e-01
-1.039575361561603195e+01 4.858596078215704495e-01
-1.039635325796512788e+01 5.084491230434435849e-01
-1.039683345107887469e+01 5.320953458384313217e-01
-1.039866459386968245e+01 5.570667353299004754e-01
-1.040027309758938401e+01 5.792336932870756350e-01
-1.040106461221922984e+01 6.037408325001628606e-01
-1.040413389643094710e+01 6.323405423013814808e-01
-1.040862794531893165e+01 6.583136030639458181e-01
-1.041214925058566898e+01 6.850831314373596603e-01
-1.041567020671781130e+01 7.094031192993660584e-01
-1.041830173198601273e+01 7.358551863398230530e-01
-1.042029563573261264e+01 7.638017170891993057e-01
-1.042352587053280999e+01 7.946605275790985523e-01
-1.042686818317276121e+01 8.309559395691605843e-01
-1.042919229290848726e+01 8.624806700279584737e-01
-1.043044504256643634e+01 8.849618386629993783e-01
-1.043321795801194618e+01 9.129756044410207716e-01
-1.044320670795102757e+01 9.336890274092579656e-01
-1.045340074975426425e+01 9.605414202927892164e-01
-1.046406483966265633e+01 9.944875732120037615e-01
-1.046490567296901020e+01 1.020661366051648811e+00
-1.046714785486553545e+01 1.050242141791346784e+00
-1.047079989886233342e+01 1.083257716998790698e+00
-1.047847431833920773e+01 1.118695838341648541e+00
-1.048194908022527372e+01 1.155663990335254354e+00
-1.048302324128469643e+01 1.185931847225231817e+00
-1.048414543064619053e+01 1.222695197191558059e+00
-1.048947880889898698e+01 1.255831667304269983e+00
-1.049279416813034160e+01 1.289745405990081695e+00
-1.049476166684578615e+01 1.326126647111973922e+00
-1.049345327712772047e+01 1.362505009711777237e+00
-1.049801386726501917e+01 1.398869467028370783e+00
-1.050365266716009494e+01 1.434503391339192691e+00
-1.050830805645937893e+01 1.470815841269089042e+00
-1.051071142753981036e+01 1.507159635996954128e+00
-1.051316517028240938e+01 1.544143588307939297e+00
-1.051711251559544991e+01 1.584249071807636078e+00
-1.051401689810065676e+01 1.620794034053230082e+00
-1.051430091805917399e+01 1.657875958675954831e+00
-1.051506834137547131e+01 1.694957514471239879e+00
-1.051689247290730833e+01 1.731515733466711282e+00
-1.052030100036219373e+01 1.769100219239394312e+00
-1.052137439330778790e+01 1.810347231721128214e+00
-1.052247430479116908e+01 1.851142525230792923e+00
-1.052234784446116400e+01 1.893877839865839574e+00
-1.052581512468960590e+01 1.936867229723826078e+00
-1.052621620012043024e+01 1.983463488044194811e+00
-1.052493117350813279e+01 2.026619325168279584e+00
-1.052464191476223832e+01 2.067553419424522421e+00
-1.052444375002930421e+01 2.110040991599871685e+00
-1.052916066633277126e+01 2.152981784858914338e+00
-1.053207508240639001e+01 2.201214956148704882e+00
-1.053855955870572458e+01 2.242949987213959773e+00
-1.054269569095494141e+01 2.285318721802911845e+00
-1.054992231759535315e+01 2.329935706053932964e+00
-1.055601037271097908e+01 2.376268337005458697e+00
