1.375703345023356712e-03 7.493438571828920204e-04
4.903444483675911236e+00 -5.172060550568157167e-01
4.904489785575550265e+00 -5.171055969822961895e-01
4.904640692691932813e+00 -5.163243301358740878e-01
4.904687290276122269e+00 -5.156260826571189559e-01
4.904433353989320565e+00 -5.148184830104711729e-01
4.904174281657038392e+00 -5.168718701541530347e-01
4.903359800742273400e+00 -5.200467760866963607e-01
4.904458948080198333e+00 -5.195497475543696675e-01
4.903411361127064438e+00 -5.196901113777990799e-01
4.902962415832379683e+00 -5.197659594432234575e-01
4.903660107814401314e+00 -5.206921785105835809e-01
4.903238622117008561e+00 -5.209165896893294123e-01
4.903320901122534714e+00 -5.211926909630992810e-01
4.900760701477175019e+00 -5.206686237813079599e-01
4.896203519640581092e+00 -5.226845429092258355e-01
4.894545276201988315e+00 -5.215589573162161541e-01
4.896072485473926150e+00 -5.218738741487713995e-01
4.896866799473169607e+00 -5.210936571836015663e-01
4.897603196111306012e+00 -5.197310044099776594e-01
4.898365644300589850e+00 -5.191279919745592775e-01
4.897872299077874025e+00 -5.177516279614871042e-01
4.894884820693695460e+00 -5.159641925302198562e-01
4.896662909525918650e+00 -5.152804270202566705e-01
4.897211337492473504e+00 -5.159436358895397312e-01
4.896631454135762063e+00 -5.173483579281523692e-01
4.897058256538453946e+00 -5.189449812491109260e-01
4.895909018550261393e+00 -5.198373072336774925e-01
4.894960268231081102e+00 -5.206901098976167708e-01
4.893814055064643398e+00 -5.214300134204686854e-01
4.892648579325910241e+00 -5.223917315159022356e-01
4.891494092571917918e+00 -5.234288933639250629e-01
4.889731252780894266e+00 -5.245225687339049037e-01
4.889087957531636164e+00 -5.250551026350509520e-01
4.889067975457833448e+00 -5.247052363076482040e-01
4.888505236261410758e+00 -5.258793561733029476e-01
4.887973843756495462e+00 -5.261556878152452432e-01
4.887878463429256470e+00 -5.254649009884874156e-01
4.886748621017357408e+00 -5.257236732575395477e-01
4.887217101382976381e+00 -5.257962197261696335e-01
4.887775693271390942e+00 -5.260116127343985593e-01
4.888343343695543020e+00 -5.263791196443481368e-01
4.887742261501927032e+00 -5.259637602824644986e-01
4.887337778511309239e+00 -5.258861809350089400e-01
4.886246526407007629e+00 -5.254476759050046297e-01
4.885143068531830224e+00 -5.253575942286194955e-01
4.885030912811656023e+00 -5.254901455627700724e-01
4.884520665361556269e+00 -5.254418719355354872e-01
4.884393051628995508e+00 -5.259974872968582460e-01
4.883293399507810051e+00 -5.257311323517827040e-01
4.882660557665113643e+00 -5.262351052846653277e-01
4.880458438499153395e+00 -5.262226808403769329e-01
4.879947434678191698e+00 -5.264976807459544883e-01
4.879461516090515261e+00 -5.262763661014727701e-01
4.879437337590198709e+00 -5.266495711486604003e-01
4.878114578446257177e+00 -5.271634339014257264e-01
4.877614471818790598e+00 -5.270389580692530496e-01
4.878104760760541225e+00 -5.270654522471520664e-01
4.877975303995807366e+00 -5.276182932070636600e-01
4.877859434068851030e+00 -5.276982323809363828e-01
4.878390710300873678e+00 -5.266565603998603073e-01
4.877334511585683430e+00 -5.259181973268237664e-01
4.877285565020304858e+00 -5.250342931113997080e-01
4.875613399324007169e+00 -5.248724369295396652e-01
4.873952425726034932e+00 -5.244121397878519497e-01
4.872852087275206578e+00 -5.247646648517237944e-01
4.872380165694227827e+00 -5.245187907960815465e-01
4.872266661328479742e+00 -5.248723023760487605e-01
4.871690019131476035e+00 -5.246808650661357598e-01
4.871020430691223702e+00 -5.242715017124177646e-01
4.870927858021185664e+00 -5.241540744717805289e-01
4.870872344165486645e+00 -5.234942776751755344e-01
4.870801136386543106e+00 -5.231560976737059665e-01
4.870740430225691142e+00 -5.225202362017925539e-01
4.870643033166282443e+00 -5.226764193118438317e-01
4.871766782578426103e+00 -5.222060539753179409e-01
4.872304619948931936e+00 -5.216414873220103221e-01
4.870662332829965635e+00 -5.209824347645927167e-01
4.868943746750232116e+00 -5.197844391251803531e-01
4.867784315695393715e+00 -5.193991199222274258e-01
4.866588688768778148e+00 -5.198045529291287492e-01
4.866637501356794182e+00 -5.191900446205141018e-01
4.866681070602206560e+00 -5.185994183004746239e-01
4.865538640597832476e+00 -5.180174069154499517e-01
4.864369833008765909e+00 -5.180407340956726392e-01
4.863814431281014095e+00 -5.177023582384524536e-01
4.864343533948101594e+00 -5.174856209143160468e-01
4.863772392320606208e+00 -5.174679611285569747e-01
4.863142877099768668e+00 -5.166417405887858694e-01
4.862597832760751970e+00 -5.162430435791124372e-01
4.862525289281208529e+00 -5.162277381345032889e-01
4.861911700543220860e+00 -5.177705202244899940e-01
4.861764261660816544e+00 -5.199948211294901368e-01
4.861038664777454166e+00 -5.217640231020975738e-01
4.861607117432399150e+00 -5.212951404338989070e-01
4.861573440219270736e+00 -5.211509010823296428e-01
4.860943760069917019e+00 -5.209337636039661490e-01
4.861523455772566393e+00 -5.201680971078783688e-01
4.861489842332195721e+00 -5.200238485869114191e-01
4.860305533211651152e+00 -5.189952599418642398e-01
4.860269414549222233e+00 -5.188005877668085963e-01
4.860252119214958810e+00 -5.184604547847905254e-01
4.859021201931383871e+00 -5.185681989423135407e-01
4.858399851950534476e+00 -5.185023105337189797e-01
4.857199872364399873e+00 -5.180436087716741023e-01
4.855976946021243634e+00 -5.184137261995014345e-01
4.855345266662551396e+00 -5.185193624257503631e-01
4.855316887274160997e+00 -5.184756314404306288e-01
4.855328886208667427e+00 -5.178063326273715239e-01
4.854150648390040956e+00 -5.173648998504781771e-01
4.852976947650575745e+00 -5.164894355148171856e-01
4.852983524932311887e+00 -5.157199672803407520e-01
4.852468937492931289e+00 -5.135153986270638571e-01
4.851285846050533479e+00 -5.134722094871789766e-01
4.850635522000159128e+00 -5.144556004712669273e-01
4.848873034232397572e+00 -5.140946394816938714e-01
4.848255203380801071e+00 -5.145631212259095255e-01
4.847058548035884762e+00 -5.146025593004276422e-01
4.846492428759393789e+00 -5.140404428223867006e-01
4.846413627554114534e+00 -5.134550922054721411e-01
4.845834055256967865e+00 -5.131382347095846397e-01
4.845783510890656842e+00 -5.122249919649360939e-01
4.844642834390462838e+00 -5.114477695193949680e-01
4.843480530839019416e+00 -5.113724604068029533e-01
4.842353670070994376e+00 -5.103516770181008022e-01
4.841689814854575502e+00 -5.098467939048177966e-01
4.841130988142761993e+00 -5.095487339069603161e-01
4.840570272346071512e+00 -5.090892916578036997e-01
4.840489959175733325e+00 -5.089881905608655277e-01
4.840381757558033016e+00 -5.093382309623452064e-01
4.839260323969099886e+00 -5.079246194168820505e-01
4.838657221788627893e+00 -5.062608054328467944e-01
4.837547677989304518e+00 -5.052115394857413788e-01
4.837399793536776293e+00 -5.047783425478145070e-01
4.837315304597264998e+00 -5.050847625543994912e-01
4.837284647616310274e+00 -5.040075462958290009e-01
4.837234358070485740e+00 -5.036427034664101576e-01
4.836140420324710476e+00 -5.019569169920455876e-01
4.835498418997645764e+00 -5.013995552401520062e-01
4.834359963060725462e+00 -5.011248566117662007e-01
4.833220178515780674e+00 -5.004670991198378882e-01
4.832681399338466299e+00 -4.999555726546391909e-01
4.831524670816238931e+00 -5.002568258360365894e-01
4.831471171224078098e+00 -4.997320907077567043e-01
4.830954857553765969e+00 -4.983636188122078092e-01
4.830303970438283301e+00 -4.981020870640541220e-01
4.829068970537196748e+00 -4.978728430371882618e-01
4.827923401202834697e+00 -4.980050880761992538e-01
4.827885758676153216e+00 -4.973257279310780432e-01
4.827388787053143560e+00 -4.954233606423510961e-01
4.827462710946219815e+00 -4.940645382878900982e-01
4.826934603491591425e+00 -4.934237411850482258e-01
4.826437685925966115e+00 -4.920165446439152546e-01
4.825803513018571245e+00 -4.916145264473621990e-01
4.826252100417288915e+00 -4.905647140951518437e-01
4.825612278488597973e+00 -4.897430920212632599e-01
4.825465935582452737e+00 -4.885395560482503341e-01
4.824922818030727534e+00 -4.876629122851346421e-01
4.824981661406654077e+00 -4.866592213321468963e-01
4.824414887599294488e+00 -4.868709810671439375e-01
4.823819433221137487e+00 -4.875414551325281121e-01
4.823861869160194438e+00 -4.866809507172362714e-01
4.823932239604910244e+00 -4.850419699555160169e-01
4.823957619806744646e+00 -4.845331793930776065e-01
4.823392206182678166e+00 -4.837132014265309587e-01
4.822794399356231665e+00 -4.830681109509895599e-01
4.822188689238556591e+00 -4.827033689768676084e-01
4.821577970956267833e+00 -4.830864889075831003e-01
4.820454017284951931e+00 -4.813523023114421040e-01
4.819267044219494700e+00 -4.818584794840952701e-01
4.818686636923403377e+00 -4.815017659668641703e-01
4.818706244026692787e+00 -4.806979056228057878e-01
4.819320147857169445e+00 -4.791502462170650900e-01
4.819329828406254457e+00 -4.780856627831169270e-01
4.818719020011653420e+00 -4.781373966279418575e-01
4.819284874183438205e+00 -4.774212724913760031e-01
4.819275982397432045e+00 -4.759461443222059440e-01
4.819818645303461935e+00 -4.753450829084630569e-01
4.819194215133556725e+00 -4.746567920137092500e-01
4.819150861359432270e+00 -4.739193246137910487e-01
4.819205298735764309e+00 -4.731384803936567462e-01
4.818193529961538601e+00 -4.723756887674341320e-01
4.817181449415302019e+00 -4.716006838840330895e-01
4.816754592328623019e+00 -4.708513592638119971e-01
4.816811961730984137e+00 -4.701208797433416575e-01
4.817951655315599879e+00 -4.676610186381466305e-01
4.817476529130725993e+00 -4.661980372857423283e-01
4.817495435869526332e+00 -4.647197716068472428e-01
4.817606124097753906e+00 -4.631961882381128159e-01
4.816650005450714644e+00 -4.617660082524687737e-01
4.816757011355296214e+00 -4.600822897556987034e-01
4.816860468187887712e+00 -4.589240132192707877e-01
4.816745970909044772e+00 -4.609661014728539397e-01
4.816776957120398883e+00 -4.611312662555606123e-01
4.817918747778332289e+00 -4.589636511597111057e-01
4.817983292163443565e+00 -4.570074599601139376e-01
4.817578550899839662e+00 -4.544994251416487607e-01
4.817652015390519793e+00 -4.523013144745202663e-01
4.816439509715103817e+00 -4.533471908554202456e-01
4.816406672457809179e+00 -4.539428092583771002e-01
4.817565071640179220e+00 -4.522552614857125453e-01
4.817197245169364983e+00 -4.500619126604000764e-01
4.817426836892910735e+00 -4.474074916169077376e-01
4.818144646642928741e+00 -4.444409589933257521e-01
4.817745252365794428e+00 -4.429475079123434411e-01
4.818332859985238414e+00 -4.437102858156759533e-01
4.817862666191704335e+00 -4.440424390383896358e-01
4.817913242401974827e+00 -4.426026070273903490e-01
4.818098274716442475e+00 -4.394155336851776616e-01
4.817521068211661373e+00 -4.382285963813694618e-01
4.818077476015957039e+00 -4.373243107369748639e-01
4.818560061542478401e+00 -4.364836433670943316e-01
4.819145720978395886e+00 -4.356756762920990234e-01
4.818688402923909209e+00 -4.331871999104748849e-01
4.819322317352527918e+00 -4.299773923396428277e-01
4.819447260106223929e+00 -4.272918025909058226e-01
4.818886327726328744e+00 -4.273292848335015215e-01
4.818923366583714341e+00 -4.270043793265973497e-01
4.817896336451571671e+00 -4.261677866490431454e-01
4.817353516980272587e+00 -4.254350929695917549e-01
4.818344900548971133e+00 -4.241231310237983942e-01
4.817466894439495384e+00 -4.209251532114255401e-01
4.816447019597744905e+00 -4.189310672309320971e-01
4.815985729162050255e+00 -4.177273119726919726e-01
4.814057433501275796e+00 -4.166262657024537019e-01
4.812053056611952151e+00 -4.149213887110148602e-01
4.811099435653212630e+00 -4.137973204448822107e-01
4.809580071320552541e+00 -4.121330032818893985e-01
4.808066173916587083e+00 -4.103945672023313063e-01
4.806699386452347511e+00 -4.072093097995918010e-01
4.804169957110316247e+00 -4.050567597735263980e-01
4.803704373258614879e+00 -4.032204410107007586e-01
4.802760272881926085e+00 -4.013493628648746037e-01
4.801245808022429173e+00 -3.992415155820551176e-01
4.801223660563190165e+00 -3.983366689744887723e-01
4.800259652138375799e+00 -3.967562050102301785e-01
4.799798357519754255e+00 -3.946173821324630571e-01
4.797712291620313430e+00 -3.921762067990359757e-01
4.797758537274500412e+00 -3.896516284289586185e-01
4.797853709458256510e+00 -3.861548084266037129e-01
4.796816541099827802e+00 -3.836581370452418760e-01
4.796883434586438177e+00 -3.812976670155580061e-01
4.797465305267585300e+00 -3.783131622217939527e-01
4.796937962635777097e+00 -3.764746547751547379e-01
4.797024544689489467e+00 -3.738244336786258337e-01
4.797113317432401658e+00 -3.712965259329220613e-01
4.796602610019320423e+00 -3.692276098522092598e-01
4.797111300410261236e+00 -3.659565892396587361e-01
4.797159168639576698e+00 -3.623997534555147282e-01
4.798735997361694317e+00 -3.594314090385278271e-01
4.798587381793450568e+00 -3.579261062960888973e-01
4.799051201576150838e+00 -3.565808111272631975e-01
4.799052192235936154e+00 -3.549121016638788761e-01
4.798464803733973660e+00 -3.534990092103248438e-01
4.798391864139901486e+00 -3.514124097717000184e-01
4.798474189471003015e+00 -3.462672173879831616e-01
4.796331084133193201e+00 -3.412535660808740379e-01
4.794731066448213674e+00 -3.370051334929539122e-01
4.794224749133698005e+00 -3.320829299447869420e-01
4.793151211862237027e+00 -3.268901783721024357e-01
4.792556655024084122e+00 -3.210078936934037674e-01
4.793109619735446358e+00 -3.161782542200128887e-01
4.793489939171723613e+00 -3.136514205947568135e-01
4.793289713961258691e+00 -3.112629154002826692e-01
4.793677205337938396e+00 -3.086758240164013123e-01
4.793623570878047246e+00 -3.050205430497005543e-01
4.793447356600620601e+00 -3.020891424847031437e-01
4.793254570248434376e+00 -2.998956336715523641e-01
4.791992011489567993e+00 -2.958645711566918468e-01
4.790369067358085431e+00 -2.914746041021855638e-01
4.790273443659902597e+00 -2.866764898801820727e-01
4.789607728596374514e+00 -2.822480807549453408e-01
4.788942163842763833e+00 -2.778205518435547527e-01
4.788840133588008641e+00 -2.746760409353289911e-01
4.787647194623448677e+00 -2.694123228045541829e-01
4.787002282941471343e+00 -2.647826527182292611e-01
4.786828011173797748e+00 -2.604290733466353980e-01
4.787324114288712629e+00 -2.564196109556438619e-01
4.786671634263188757e+00 -2.520501272209290100e-01
4.786412503835947518e+00 -2.472647538721471361e-01
4.786739569977311426e+00 -2.419008738913574208e-01
4.785414992587139871e+00 -2.379394357715698127e-01
4.785157091094176529e+00 -2.334836696759041708e-01
4.784315346085437959e+00 -2.292197662998076702e-01
4.784049602207409713e+00 -2.249672137581184284e-01
4.782148439286706854e+00 -2.210508847459650150e-01
4.782348663014515999e+00 -2.173878357851456722e-01
4.782549827761395811e+00 -2.137676386627811176e-01
4.782220427148118347e+00 -2.080081996714145398e-01
4.781334632059005330e+00 -2.010935105156837488e-01
4.780920007673812755e+00 -1.931985987275721128e-01
4.780486203109717280e+00 -1.869518040984190499e-01
4.780592094511203705e+00 -1.843035306670397500e-01
4.779689177359329300e+00 -1.783413311342174623e-01
4.780212234911162206e+00 -1.722093009839333055e-01
4.780730066607760342e+00 -1.655838252445040737e-01
4.781137086449371409e+00 -1.597864638811263283e-01
4.780958813053465484e+00 -1.558824058290380898e-01
4.780313689489235962e+00 -1.491744429410482853e-01
4.780032587535907318e+00 -1.424576903793328408e-01
4.779735538192213085e+00 -1.356269721159448216e-01
4.780023331799895026e+00 -1.311026603690100267e-01
4.779825749892293807e+00 -1.254816958372277080e-01
4.778941052672990963e+00 -1.195872517145009084e-01
4.781965410537723393e+00 -1.138766401730601646e-01
4.783912791001895037e+00 -1.065751613418422505e-01
4.787945152991849085e+00 -9.793042840874605082e-02
4.790384871476890183e+00 -9.240237442355228592e-02
4.792433792186057140e+00 -8.648816268503772831e-02
4.792494666722500796e+00 -7.871609518472337530e-02
4.790325088857886549e+00 -7.141325699502941438e-02
4.787284019036690985e+00 -6.789281816761758015e-02
4.785317650638568843e+00 -6.499102732623822376e-02
4.782431580298076135e+00 -6.354222189334800264e-02
4.778558796023732569e+00 -6.093675705751985805e-02
4.777528830480469502e+00 -5.668771502974161852e-02
4.774818770281096469e+00 -5.115051428053562360e-02
4.773306713569023252e+00 -4.421364797733592922e-02
4.767334173419349064e+00 -3.580288037486090841e-02
4.759577399645881002e+00 -2.812404228239578571e-02
4.750832239133885082e+00 -1.951641388099542573e-02
4.747816725000725491e+00 -1.123616875447469923e-02
4.745373856623007924e+00 -3.432749012826102290e-03
4.744438371100833329e+00 4.107494080913778878e-03
4.741569576454904400e+00 8.472090163077551292e-03
4.740142319558401596e+00 1.567520181030056595e-02
4.739215233556442364e+00 2.523117819801298442e-02
4.738024428782514619e+00 3.659483328180668238e-02
4.736859769246891005e+00 4.532774244660036506e-02
4.736088418041902059e+00 5.458870965591083174e-02
4.735995220919860138e+00 6.658668754846079618e-02
4.735709060066305653e+00 7.899425450510905167e-02
4.736015988533625709e+00 9.037100612279819201e-02
4.735503543791657499e+00 1.027010601147143598e-01
4.735379018026754316e+00 1.151871875615109037e-01
4.734228246176856558e+00 1.268633262770310355e-01
4.732627374202453829e+00 1.360332186263812360e-01
4.729758522689555100e+00 1.519746315994248143e-01
4.728105513802937310e+00 1.657642423963184841e-01
4.727081903339089841e+00 1.786978426757803717e-01
4.726538584944041332e+00 1.869970264257853898e-01
4.725131801735493298e+00 1.940044166287756555e-01
4.724215709310308320e+00 2.017879593799883908e-01
4.723610640217417611e+00 2.109668616560193000e-01
4.722386576110538137e+00 2.207071247248824086e-01
4.721136424311275448e+00 2.308942006054310603e-01
4.719847619479857315e+00 2.415551776614469071e-01
4.717837271715260350e+00 2.527392034859471948e-01
4.716016719631453746e+00 2.626542357574133679e-01
4.714400564782958547e+00 2.736523834663501242e-01
4.711485585090226635e+00 2.863538070134898361e-01
4.708014919528873854e+00 2.977674176881052182e-01
4.704880925256309965e+00 3.095647670564454224e-01
4.701840660538754157e+00 3.202386754606996733e-01
4.699016562583438805e+00 3.318962914711628409e-01
4.696322667990634692e+00 3.442377686018487370e-01
4.692816719990888785e+00 3.577672523538670268e-01
4.688799893276622832e+00 3.736679175686957177e-01
4.685482990107707302e+00 3.874833635448970970e-01
4.683248290916682599e+00 3.973460385948415219e-01
4.679871415328621609e+00 4.095197139857365554e-01
4.673836314323804864e+00 4.178706602894841637e-01
4.667195335380483812e+00 4.288589468203097832e-01
4.659717804934612850e+00 4.428519435504168489e-01
4.657127224166077717e+00 4.542181251352926386e-01
4.653570965997547049e+00 4.669253177727348270e-01
4.649023114433709303e+00 4.809651806795816609e-01
4.642425755883238025e+00 4.956315409226292878e-01
4.637412654382477406e+00 5.112876214124557617e-01
4.633996113588181309e+00 5.242384228796853618e-01
4.629829976751453913e+00 5.399458557528420410e-01
4.624133719663628739e+00 5.536150713299938797e-01
4.619143138976752994e+00 5.677723728919209512e-01
4.614375118242694640e+00 5.830762049035889127e-01
4.610901108021096206e+00 5.986947950354764014e-01
4.604838223133525865e+00 6.135986932759545098e-01
4.598317582310083473e+00 6.280007893731994750e-01
4.592048023081142460e+00 6.427349617015157834e-01
4.586631185139299127e+00 6.576895803013085295e-01
4.581020704053063497e+00 6.728472000102174722e-01
4.574294725191765387e+00 6.890505508820568004e-01
4.570846182887406961e+00 7.046212970360745675e-01
4.565823669487971692e+00 7.199308210968529131e-01
4.560502870547765930e+00 7.351220514455980570e-01
4.554724056980325564e+00 7.498960730631666349e-01
4.548062214588405539e+00 7.648049101129088534e-01
4.541732899241810451e+00 7.814676366415526099e-01
4.535342887694498337e+00 7.978699536563925721e-01
4.529043958600615483e+00 8.151655995184603487e-01
4.521136200221457457e+00 8.319394216593052338e-01
4.513777270283704013e+00 8.505347257326039134e-01
4.507490199348870519e+00 8.679360078857606409e-01
4.501038670360769878e+00 8.842237074891159399e-01
4.494182943777716766e+00 9.010367160823640198e-01
4.485205076521672218e+00 9.171257935103009906e-01
4.475929042135747160e+00 9.354739567578583825e-01
4.466258246983092484e+00 9.505657601649750710e-01
4.457297088206632729e+00 9.661992324273905863e-01
4.446659585658450098e+00 9.820385998495263502e-01
4.436055919587760243e+00 9.986025828615053834e-01
