-7.517083005644277505e-03 1.657296918092513588e-02
-7.540460294151497128e-03 1.656560385809760852e-02
-7.541050233071432476e-03 1.656855715824811712e-02
-7.541096439418110142e-03 1.656852617634487282e-02
-7.541188851413012893e-03 1.656846421179494766e-02
-7.517656912234835578e-03 1.657539818796318135e-02
-7.518200746548753428e-03 1.657838251178198052e-02
-7.542618555307453732e-03 1.657701614535737195e-02
-7.543069898085555045e-03 1.658006230434486833e-02
-7.542479866113807781e-03 1.657710911620121144e-02
-7.517722179084134794e-03 1.657816712581549126e-02
-7.518173452244273670e-03 1.658121322756683086e-02
-7.517583440225310623e-03 1.657825987094354789e-02
-7.518578443277845573e-03 1.658429025586532699e-02
-7.542544535252905351e-03 1.657987834940451849e-02
-7.518469871316210001e-03 1.658382739167728326e-02
-7.519059915873433329e-03 1.658678065878122290e-02
-7.518608655188573076e-03 1.658373463189394617e-02
-7.518951341946967550e-03 1.658631774188883135e-02
-7.518750239125594585e-03 1.658591669095522275e-02
-7.518394326071035916e-03 1.658508372993097377e-02
-7.519280749389921359e-03 1.659065035275016087e-02
-7.471184150276822741e-03 1.659851785202082555e-02
-7.494947139442308462e-03 1.659370442357956457e-02
-7.471020940580254399e-03 1.659983463674783583e-02
-7.495078511372571528e-03 1.659763450331094847e-02
-7.471201655410310456e-03 1.660373307828467981e-02
-7.470648339314954478e-03 1.660249819518749143e-02
-7.494546987932991858e-03 1.659986606238040424e-02
-7.494832559648570425e-03 1.660422611137584922e-02
-7.495203186394456055e-03 1.661254220426080369e-02
-7.495334592704585262e-03 1.661646729671443709e-02
-7.470530966652556143e-03 1.661877705144563372e-02
-7.470419388354347656e-03 1.662232983782783655e-02
-7.470851181209471614e-03 1.662886176777717689e-02
-7.495617194408136716e-03 1.663405603599758115e-02
-7.495255346045490152e-03 1.663723404528437422e-02
-7.471361503210054503e-03 1.664736325776124473e-02
-7.447475911237675002e-03 1.665748893125957100e-02
-7.471486264806104401e-03 1.665929517489711520e-02
-7.471318447768257598e-03 1.667087761729317552e-02
-7.447701721486245027e-03 1.668362594137798652e-02
-7.424345426666876906e-03 1.669900284894828765e-02
-7.448044070980631981e-03 1.670045842473165745e-02
-7.448442057114006663e-03 1.671151683615817660e-02
-7.401023688671146648e-03 1.673087144352905162e-02
-7.424914957374959164e-03 1.673498077459655703e-02
-7.401746894710256250e-03 1.675301735347700660e-02
-7.378244623463923665e-03 1.676847697206513069e-02
-7.379309896018404133e-03 1.678519394226526962e-02
-7.381241847115781358e-03 1.681647235308352320e-02
-7.358415674033005720e-03 1.683758399670062453e-02
-7.359834876670773296e-03 1.685735476023324242e-02
-7.337469620835989498e-03 1.688147135790437139e-02
-7.313491773975491425e-03 1.689667576290980813e-02
-7.313695749933800221e-03 1.691057430983769483e-02
-7.313851161360671906e-03 1.692449582696313459e-02
-7.290784400321178790e-03 1.694572305813409063e-02
-7.267139709088977356e-03 1.696400444643385991e-02
-7.267652647691013115e-03 1.698098260136176110e-02
-7.197007137714014728e-03 1.702491411336030588e-02
-7.197628107226261909e-03 1.704232939128291074e-02
-7.196930572348526900e-03 1.705343593945626499e-02
-7.197942427777066082e-03 1.707388544439228384e-02
-7.150575408666335307e-03 1.709698236926531639e-02
-7.127541087814309034e-03 1.712141839120015843e-02
-7.127926373536546019e-03 1.713893519138649790e-02
-7.127913662576681499e-03 1.715392786054168242e-02
-7.081862737202726348e-03 1.718604888981236506e-02
-7.058356524174627319e-03 1.720797512928239070e-02
-7.012854202585757854e-03 1.725849780965716188e-02
-6.966832455546613512e-03 1.729108239446963680e-02
-6.943876704828163583e-03 1.731643933878796934e-02
-6.921410821134292742e-03 1.734476633008668819e-02
-6.946096342833426272e-03 1.736237311424757707e-02
-6.899366298212103107e-03 1.739205690317870492e-02
-6.851273254675867806e-03 1.741324993363215987e-02
-6.828318907875423165e-03 1.743907429999446562e-02
-6.805317112835805766e-03 1.746491442077915957e-02
-6.805863971519483455e-03 1.748430539506414666e-02
-6.736118588801607437e-03 1.753804919292878406e-02
-6.713200565968930472e-03 1.756431844935064240e-02
-6.665121344080249081e-03 1.758594674128014304e-02
-6.666173281073537772e-03 1.760878259130977189e-02
-6.619593158733680718e-03 1.763929556954249578e-02
-6.620588253242833121e-03 1.766214421948559404e-02
-6.596732015642201193e-03 1.768290641093948207e-02
-6.526669596277569554e-03 1.771807232937497312e-02
-6.503468208537877167e-03 1.774221253445297519e-02
-6.504094695034344509e-03 1.776250450075618492e-02
-6.434220799135813990e-03 1.781489246124047174e-02
-6.435314671694265451e-03 1.783814439467348509e-02
-6.387915606921321446e-03 1.786354476203991931e-02
-6.365346164225378980e-03 1.789103643194551313e-02
-6.318689449180398335e-03 1.791976389130983671e-02
-6.295584305824013585e-03 1.794428541293753912e-02
-6.273220523538444726e-03 1.797215335478019246e-02
-6.250851330850509292e-03 1.800001424743460227e-02
-6.227524838319793699e-03 1.802191223624545133e-02
-6.204619218072381960e-03 1.804680825091042190e-02
-6.135389620180940230e-03 1.810067776363183042e-02
-6.089386083545018577e-03 1.813270610034094232e-02
-6.090809249014810488e-03 1.815672737590799668e-02
-6.068143225646150003e-03 1.818196990975744914e-02
-6.044785176724234640e-03 1.820381807179332484e-02
-6.021635664744664704e-03 1.822607071089387548e-02
-5.998953924528658936e-03 1.825129566579117985e-02
-5.976842132079823212e-03 1.827944018105723961e-02
-5.930114569950260817e-03 1.830583962742633741e-02
-5.930872574648101900e-03 1.832424147701042227e-02
-5.886555227602317114e-03 1.837782732404198704e-02
-5.887874531382395089e-03 1.839915002591914484e-02
-5.842215047694812070e-03 1.843139576137121233e-02
-5.843106708679858541e-03 1.844970932544730963e-02
-5.820897344635041215e-03 1.847515258203872093e-02
-5.798682462784848952e-03 1.850059236958203832e-02
-5.799614523645713407e-03 1.851887560599299251e-02
-5.753665454815603403e-03 1.854801065507390850e-02
-5.732061694535840399e-03 1.857634078698938013e-02
-5.709983877980692561e-03 1.860168908510481320e-02
-5.665814629612197367e-03 1.864969247677375139e-02
-5.643881091599156977e-03 1.867495565704103966e-02
-5.622516977178238645e-03 1.870314429097470060e-02
-5.601148352201522525e-03 1.873133050225830529e-02
-5.581072879756255982e-03 1.876582323885865947e-02
-5.560322029255921825e-03 1.879690911500044720e-02
-5.514998407396849017e-03 1.882619786354053706e-02
-5.518182993536806594e-03 1.885349402441232822e-02
-5.496593496851702280e-03 1.887856494048415629e-02
-5.476242485398138439e-03 1.890997345260824955e-02
-5.456850946007843310e-03 1.895319668079853762e-02
-5.411825486085991219e-03 1.898232360691723061e-02
-5.414385320221738740e-03 1.900350870457515398e-02
-5.369515161760565064e-03 1.903255831580011326e-02
-5.372179947016772657e-03 1.905369323813885588e-02
-5.374897717504261742e-03 1.907480364851771651e-02
-5.330237416507073445e-03 1.910375185505919921e-02
-5.309416730719667896e-03 1.912897422679962767e-02
-5.287985413199246774e-03 1.915075504512952359e-02
-5.267270344836010552e-03 1.917592853201778580e-02
-5.225912903335998977e-03 1.922571614991554212e-02
-5.229062066719407376e-03 1.924662943927215458e-02
-5.209603269406002865e-03 1.927761961731846649e-02
-5.189016935843600818e-03 1.930220897952386258e-02
-5.169722702254240729e-03 1.933312821004035120e-02
-5.126692702241733915e-03 1.936772612914825289e-02
-5.131161053837222409e-03 1.939443161287193740e-02
-5.111568070976321536e-03 1.942230213743675188e-02
-5.092824522259378241e-03 1.945564297812751864e-02
-5.072412465099157206e-03 1.947750688150165499e-02
-5.032552429779972927e-03 1.952665928932199868e-02
-5.036952916700625921e-03 1.955021669785943911e-02
-4.993443992908196821e-03 1.957867897848674515e-02
-4.973839266410773514e-03 1.960338966063755739e-02
-4.953825602989094662e-03 1.962509812626057892e-02
-4.935191694393239320e-03 1.965523016227838093e-02
-4.915761686815210869e-03 1.967987681554148049e-02
-4.896970316811764812e-03 1.970743587318345841e-02
-4.877524374619410415e-03 1.973156487797790570e-02
-4.882508851340551688e-03 1.975488840273604760e-02
-4.820917613877657125e-03 1.981066769359145566e-02
-4.803008329148274712e-03 1.984105702381975742e-02
-4.785383690848582158e-03 1.987397486220294357e-02
-4.767072688967846118e-03 1.990136654016510728e-02
-4.749292298554478459e-03 1.993171920241389172e-02
-4.707786072034029178e-03 1.996578348984873186e-02
-4.690658034895200772e-03 1.999905662099555476e-02
-4.673593806421799321e-03 2.003231039001511504e-02
-4.655653168648574321e-03 2.005958364435114771e-02
-4.638246263872443376e-03 2.008981841226440551e-02
-4.578722441630760087e-03 2.014808631939779549e-02
-4.560506846484019793e-03 2.017232918829814370e-02
-4.519040971882041201e-03 2.020328648637188113e-02
-4.501425389950967221e-03 2.023047554093024974e-02
-4.460562407339750852e-03 2.026438516032885717e-02
-4.444081639119420481e-03 2.029747827810512301e-02
-4.427194294774945520e-03 2.032757282034703544e-02
-4.386473058988295259e-03 2.036146298783998373e-02
-4.369127518287663214e-03 2.038858985320738532e-02
-4.352855921588218158e-03 2.042163637101013576e-02
-4.271354264993142656e-03 2.048690603930356652e-02
-4.231922556789922268e-03 2.052669434825834735e-02
-4.215389083051900368e-03 2.055672333161114723e-02
-4.199341226771151001e-03 2.058973708683006082e-02
-4.159524180813340376e-03 2.062655151812938653e-02
-4.145167867389040750e-03 2.066842860973609058e-02
-4.129808721683935271e-03 2.070437311792647228e-02
-4.091103007438526805e-03 2.074713134130564893e-02
-4.051688610930875671e-03 2.078440046284534687e-02
-4.013128429580108819e-03 2.082714018254298860e-02
-4.006715670365379629e-03 2.089772581516035482e-02
-3.968134665058720666e-03 2.094051156314886974e-02
-3.953521171828483505e-03 2.097941360726809923e-02
-3.938317127887521960e-03 2.101538503012707546e-02
-3.899836553568976523e-03 2.105817811500453399e-02
-3.861060524767737437e-03 2.109849254081207909e-02
-3.822606760835578227e-03 2.114131143572225632e-02
-3.807390402158914583e-03 2.117733548003571109e-02
-3.768901808615686411e-03 2.122019650963620496e-02
-3.729880539822784218e-03 2.126011248617792893e-02
-3.698988784804610897e-03 2.133184236089500502e-02
-3.682610317472801743e-03 2.136202493460297169e-02
-3.643449750486314580e-03 2.140204009580484734e-02
-3.628126190372035157e-03 2.143817061125181250e-02
-3.588314421834079386e-03 2.147529071435531206e-02
-3.549000589252546568e-03 2.151539997563954587e-02
-3.533521484423947975e-03 2.155161416727606472e-02
-3.494103814776677690e-03 2.159178402907252145e-02
-3.454082041894604785e-03 2.162902838122125748e-02
-3.415048166826289283e-03 2.167223873802619216e-02
-3.382451652104815319e-03 2.174159610872138798e-02
-3.343621279258750852e-03 2.178790994144134963e-02
-3.328393195207841881e-03 2.182982084200723108e-02
-3.289883134666157956e-03 2.187918819130231507e-02
-3.250272600582977244e-03 2.192265009464309730e-02
-3.235181563524753504e-03 2.196767294509783044e-02
-3.195823179564661297e-03 2.201420660728072715e-02
-3.203754577769540174e-03 2.205242349659962409e-02
-3.139221813563358807e-03 2.209707159871875798e-02
-3.122532747250102853e-03 2.213635359648885928e-02
-3.064437739316054274e-03 2.221658319757322669e-02
-3.048294091993392074e-03 2.226196549385898310e-02
-3.008858972012909937e-03 2.231482797410263424e-02
-3.016149487845834996e-03 2.235638966404730754e-02
-2.975675321240810536e-03 2.240587810637635624e-02
-2.958331157427196087e-03 2.244850585601513085e-02
-2.941218148506543652e-03 2.249419027675206989e-02
-2.899037788040887461e-03 2.253794223330242430e-02
-2.882086161732707805e-03 2.258670180354924867e-02
-2.864309482183498637e-03 2.263258204246713576e-02
-2.827205520932779288e-03 2.271797300659389104e-02
-2.786051109605020264e-03 2.277389847835085274e-02
-2.766833071620229938e-03 2.281706811378697922e-02
-2.747743759799366626e-03 2.286273785129870617e-02
-2.704221601928310723e-03 2.290996930123314484e-02
-2.709449196907518127e-03 2.295779068648190827e-02
-2.665926463332742719e-03 2.300812334814225993e-02
-2.647885826966317902e-03 2.306593541067525344e-02
-2.604284489974459556e-03 2.311938314708802955e-02
-2.606844993590273513e-03 2.315858701874664444e-02
-2.565740884252442483e-03 2.325374729816173658e-02
-2.520983577484317388e-03 2.330746342715396546e-02
-2.500231423741884357e-03 2.335973662598972087e-02
-2.503431062157522591e-03 2.341118197414801538e-02
-2.482017002487791647e-03 2.346361396647185169e-02
-2.459748723766658034e-03 2.351315216592481105e-02
-2.437663852472570902e-03 2.356573485492167996e-02
-2.415827249757873836e-03 2.362134322599444142e-02
-2.370329075335867331e-03 2.368385867436343870e-02
-2.347389837870276705e-03 2.373660937557126038e-02
-2.301215997128724326e-03 2.383902451306000453e-02
-2.253498885677608123e-03 2.389579620844523022e-02
-2.230881826215124625e-03 2.395769084034352764e-02
-2.231094649717678402e-03 2.401230024411714695e-02
-2.183504407646580728e-03 2.407515130924125016e-02
-2.136128786945080439e-03 2.414100747444206455e-02
-2.134416536314881485e-03 2.418983999229677023e-02
-2.085902169839668526e-03 2.425280919370359500e-02
-2.060906668152466450e-03 2.431204134705374637e-02
-2.035646604112988263e-03 2.437131069156733831e-02
-1.938362466110688789e-03 2.450012003997376758e-02
-1.912367388054269160e-03 2.455946051699777616e-02
-1.886429815403788341e-03 2.462123796018709024e-02
-1.836481320625461561e-03 2.468734279262425890e-02
-1.786322503846568760e-03 2.475344214457441891e-02
-1.759161634843823749e-03 2.481228798551638609e-02
-1.708970127699476621e-03 2.488138362405513393e-02
-1.658102254191994333e-03 2.494748586855484451e-02
-1.631762840441147592e-03 2.501528308980200191e-02
-1.580463010088679291e-03 2.508137539185808368e-02
-1.502954689611933885e-03 2.520333770567689119e-02
-1.475381211239934617e-03 2.526815137896525412e-02
-1.423441470853907412e-03 2.533417179432058755e-02
-1.348051059870613091e-03 2.540670959547461014e-02
-1.320565050036287070e-03 2.547443575873219873e-02
-1.268254497527744390e-03 2.554034831388002358e-02
-1.215871093255552898e-03 2.560621414266131546e-02
-1.187652736295998109e-03 2.567087025225752925e-02
-1.135567949089616446e-03 2.573964246303760139e-02
-1.082451249063384616e-03 2.580240296794081636e-02
-1.003223224278654161e-03 2.592674592545027301e-02
-9.504964722844636005e-04 2.599234275939497213e-02
-8.986434107071390558e-04 2.606386117131195834e-02
-8.467907315011491930e-04 2.613532023276993188e-02
-8.173948468157019118e-04 2.619368474177568781e-02
-7.417225177847987586e-04 2.626909789106470980e-02
-6.661221356395993819e-04 2.634442041070893942e-02
-6.138524815339416445e-04 2.641264182626325979e-02
-5.851923469415040669e-04 2.647439612395533284e-02
-5.331008160026785153e-04 2.654248729559650563e-02
-4.300722544302483931e-04 2.666673336400493879e-02
-4.022228502436832245e-04 2.673126422731661456e-02
-3.496731139340831943e-04 2.679310907150363880e-02
-2.983157858373720688e-04 2.686149609949016470e-02
-2.465414247014210817e-04 2.692618194484382166e-02
-1.963686683630795767e-04 2.700041486228699217e-02
-1.453691407330014618e-04 2.706794932331311673e-02
-9.505755450919231488e-05 2.713905807564193431e-02
-4.451572539143825824e-05 2.720710267662879503e-02
-1.763892273768710424e-05 2.726814883365847458e-02
1.056473148358462498e-04 2.739859064041451353e-02
1.552597235838785907e-04 2.746635860645440380e-02
2.036999732996096115e-04 2.754004201380186312e-02
2.771522913798483826e-04 2.760858542340569738e-02
3.016139143403274102e-04 2.767591613406675949e-02
3.745045357846660955e-04 2.774431535726508760e-02
3.987096915401468905e-04 2.780852263943640879e-02
4.704570282940650334e-04 2.787976590126884507e-02
4.935108248498358509e-04 2.794752782043420994e-02
5.402712174641783292e-04 2.801844708001259218e-02
6.341655068660626959e-04 2.813895152388664125e-02
6.558386872679468219e-04 2.820651197449250067e-02
7.010444765966371066e-04 2.827719598945508533e-02
7.703658556670442328e-04 2.834870050460885915e-02
8.143137401267540407e-04 2.842295996907437047e-02
8.592227522516894143e-04 2.848818235783590752e-02
9.031594050391431256e-04 2.855634254296434207e-02
9.462063424246960203e-04 2.862745217896485450e-02
9.652125855630322134e-04 2.869235414330335854e-02
1.030910126281795467e-03 2.877023156973063100e-02
1.090968066870292826e-03 2.889763918602039627e-02
1.154750347169126957e-03 2.897839017708832982e-02
1.195194284758802376e-03 2.904764233944832214e-02
1.258252234583469688e-03 2.912530970970553940e-02
1.321121632205635686e-03 2.920064606691437012e-02
1.335050003043042116e-03 2.927193033483404747e-02
1.372244672448032915e-03 2.934703858041722013e-02
1.457236085034513927e-03 2.942615339466537333e-02
1.492777009821562220e-03 2.950421122685856212e-02
1.528017734073501424e-03 2.957995071572614570e-02
1.622765209450847262e-03 2.972487252224849733e-02
1.656464891341965368e-03 2.979754011120500784e-02
1.737072358659591921e-03 2.988029781325188608e-02
1.767982196846388555e-03 2.996194205879175107e-02
1.822971483646936572e-03 3.004221980306008566e-02
1.876848328430476363e-03 3.012477554194829821e-02
1.929810084411834412e-03 3.020805772106470444e-02
1.981143711045545239e-03 3.029662070739458368e-02
2.032943815248954445e-03 3.037690845220136424e-02
2.107380597945779106e-03 3.046419498542117521e-02
2.209146672363017198e-03 3.062499237297180293e-02
2.257615042928195863e-03 3.070608606650794201e-02
2.304256007056675309e-03 3.079320870883426112e-02
2.374189038350062349e-03 3.088442471724572522e-02
2.467270511128328604e-03 3.097901986945752681e-02
2.535436553422463525e-03 3.107036513931036789e-02
2.578675389600442510e-03 3.115841863532443218e-02
2.669035973444575539e-03 3.125476971471223553e-02
2.759192851451610327e-03 3.134746897842684982e-02
2.775947972457798278e-03 3.143230791989458373e-02
2.958010841817904080e-03 3.160936185148430916e-02
2.997090625209013030e-03 3.169556935676627607e-02
3.082604313820156566e-03 3.179635380817955048e-02
3.144860568692917167e-03 3.188398150381765994e-02
3.205875310356275359e-03 3.197471475700197630e-02
3.338034681777901202e-03 3.208074210939729914e-02
3.397973007956158181e-03 3.217254725638760832e-02
3.456291619400068352e-03 3.227048326575054915e-02
3.564321966141904396e-03 3.236449279104807591e-02
3.646633311241674613e-03 3.246110458491019424e-02
3.794374976531097836e-03 3.263089888272902028e-02
3.900027397903126601e-03 3.272946362951900667e-02
3.957165796222099005e-03 3.282003469319746958e-02
4.085648038336754662e-03 3.292655201669334591e-02
4.167234923967891476e-03 3.301518691874183453e-02
4.271869242031001331e-03 3.311240964688078048e-02
4.351580398699309536e-03 3.320908064227675455e-02
4.457082308523601863e-03 3.329689182270599568e-02
4.561170542463324068e-03 3.339178002704084464e-02
4.640700515098048623e-03 3.348303103420683519e-02
4.875238555929759313e-03 3.367272015088072779e-02
4.929615448572892411e-03 3.376066942193872711e-02
5.056953696285595469e-03 3.385630673040757738e-02
5.158636798173753084e-03 3.395343991918613885e-02
5.285172761372258950e-03 3.405049541948757669e-02
5.340420774022227625e-03 3.412498746049879433e-02
5.491197267089362524e-03 3.422146524270740925e-02
5.592567182464432129e-03 3.431143073889929285e-02
5.716870125386458792e-03 3.441049920324965733e-02
5.817723439849759384e-03 3.449884929511963516e-02
6.026182162632292769e-03 3.466341228217183212e-02
6.175749122136621472e-03 3.475153133251016740e-02
6.273921925277241990e-03 3.484186446520606828e-02
6.397266786176388290e-03 3.492945038840680055e-02
6.518640057687069556e-03 3.502342186214399411e-02
6.665759241139266808e-03 3.511089639598852230e-02
6.785988056098407779e-03 3.520435118745936925e-02
6.930764645064769677e-03 3.529566740269967501e-02
7.050485057469212113e-03 3.538385671647098496e-02
7.194689205717245961e-03 3.547175006706172057e-02
7.419525891207642138e-03 3.562364607388410903e-02
7.561507212051538952e-03 3.571154504091270804e-02
7.701190478052572473e-03 3.580597068801016220e-02
7.840277713925886821e-03 3.589786557284908863e-02
7.980304802039626250e-03 3.598208834733614137e-02
8.141405615705308782e-03 3.608243149520713039e-02
8.278294058829353125e-03 3.617165818249150344e-02
8.415446167823432272e-03 3.625627158120415389e-02
8.598986322450945588e-03 3.635504922715519088e-02
8.732223369163601492e-03 3.644780182813953801e-02
