1.624345779418945312e-02 7.820129394531250000e-03
1.624345779418945312e-02 7.818460464477539062e-03
1.624488830566406250e-02 7.819175720214843750e-03
1.624822616577148438e-02 7.819414138793945312e-03
1.625347137451171875e-02 7.815361022949218750e-03
1.626300811767578125e-02 7.805466651916503906e-03
1.627874374389648438e-02 7.786273956298828125e-03
1.629877090454101562e-02 7.757067680358886719e-03
1.632404327392578125e-02 7.715821266174316406e-03
1.635408401489257812e-02 7.661819458007812500e-03
1.641273498535156250e-02 7.548213005065917969e-03
1.645374298095703125e-02 7.464170455932617188e-03
1.649665832519531250e-02 7.371783256530761719e-03
1.654052734375000000e-02 7.271885871887207031e-03
1.658535003662109375e-02 7.168292999267578125e-03
1.662921905517578125e-02 7.060647010803222656e-03
1.667308807373046875e-02 6.951689720153808594e-03
1.671552658081054688e-02 6.841778755187988281e-03
1.675701141357421875e-02 6.732106208801269531e-03
1.679754257202148438e-02 6.622552871704101562e-03
1.687097549438476562e-02 6.415843963623046875e-03
1.690769195556640625e-02 6.309866905212402344e-03
1.694297790527343750e-02 6.205916404724121094e-03
1.697635650634765625e-02 6.104111671447753906e-03
1.700973510742187500e-02 6.004333496093750000e-03
1.704216003417968750e-02 5.906581878662109375e-03
1.707363128662109375e-02 5.809903144836425781e-03
1.710414886474609375e-02 5.713939666748046875e-03
1.713418960571289062e-02 5.618453025817871094e-03
1.716279983520507812e-02 5.523443222045898438e-03
1.720142364501953125e-02 5.392193794250488281e-03
1.722812652587890625e-02 5.297899246215820312e-03
1.725339889526367188e-02 5.204081535339355469e-03
1.727819442749023438e-02 5.110979080200195312e-03
1.730203628540039062e-02 5.018830299377441406e-03
1.732540130615234375e-02 4.927515983581542969e-03
1.734733581542968750e-02 4.837393760681152344e-03
1.736927032470703125e-02 4.748463630676269531e-03
1.739072799682617188e-02 4.660367965698242188e-03
1.741170883178710938e-02 4.573106765747070312e-03
1.743555068969726562e-02 4.471540451049804688e-03
1.745510101318359375e-02 4.385709762573242188e-03
1.747465133666992188e-02 4.300951957702636719e-03
1.749372482299804688e-02 4.216790199279785156e-03
1.751232147216796875e-02 4.133820533752441406e-03
1.752996444702148438e-02 4.051923751831054688e-03
1.754760742187500000e-02 3.970980644226074219e-03
1.756381988525390625e-02 3.891646862030029297e-03
1.758003234863281250e-02 3.813385963439941406e-03
1.759576797485351562e-02 3.735899925231933594e-03
1.761293411254882812e-02 3.647744655609130859e-03
1.762676239013671875e-02 3.572165966033935547e-03
1.764011383056640625e-02 3.497183322906494141e-03
1.765203475952148438e-02 3.422915935516357422e-03
1.766395568847656250e-02 3.349542617797851562e-03
1.767492294311523438e-02 3.277361392974853516e-03
1.768589019775390625e-02 3.206729888916015625e-03
1.769733428955078125e-02 3.136932849884033203e-03
1.770830154418945312e-02 3.067910671234130859e-03
1.771879196166992188e-02 2.999842166900634766e-03
1.773214340209960938e-02 2.912342548370361328e-03
1.774215698242187500e-02 2.846360206604003906e-03
1.775121688842773438e-02 2.781450748443603516e-03
1.776027679443359375e-02 2.717614173889160156e-03
1.776838302612304688e-02 2.655267715454101562e-03
1.777744293212890625e-02 2.593815326690673828e-03
1.778554916381835938e-02 2.533197402954101562e-03
1.779508590698242188e-02 2.473175525665283203e-03
1.780319213867187500e-02 2.413988113403320312e-03
1.781177520751953125e-02 2.355277538299560547e-03
1.782417297363281250e-02 2.263486385345458984e-03
1.783132553100585938e-02 2.206146717071533203e-03
1.783800125122070312e-02 2.149343490600585938e-03
1.784372329711914062e-02 2.093076705932617188e-03
1.784849166870117188e-02 2.037763595581054688e-03
1.785182952880859375e-02 1.983046531677246094e-03
1.785516738891601562e-02 1.929402351379394531e-03
1.785802841186523438e-02 1.876771450042724609e-03
1.786088943481445312e-02 1.824736595153808594e-03
1.786422729492187500e-02 1.773208379745483398e-03
1.786851882934570312e-02 1.695901155471801758e-03
1.787233352661132812e-02 1.645743846893310547e-03
1.787614822387695312e-02 1.596719026565551758e-03
1.788043975830078125e-02 1.548618078231811523e-03
1.788425445556640625e-02 1.501470804214477539e-03
1.788806915283203125e-02 1.455187797546386719e-03
1.789188385009765625e-02 1.409381628036499023e-03
1.789569854736328125e-02 1.363813877105712891e-03
1.789951324462890625e-02 1.318603754043579102e-03
1.790189743041992188e-02 1.274168491363525391e-03
1.790428161621093750e-02 1.220077276229858398e-03
1.790571212768554688e-02 1.176208257675170898e-03
1.790618896484375000e-02 1.132607460021972656e-03
1.790666580200195312e-02 1.089155673980712891e-03
1.790714263916015625e-02 1.046031713485717773e-03
1.790761947631835938e-02 1.003473997116088867e-03
1.790857315063476562e-02 9.613484144210815430e-04
1.790952682495117188e-02 9.196698665618896484e-04
1.791048049926757812e-02 8.784532546997070312e-04
1.791191101074218750e-02 8.379518985748291016e-04
1.791381835937500000e-02 7.920414209365844727e-04
1.791524887084960938e-02 7.528513669967651367e-04
1.791715621948242188e-02 7.141381502151489258e-04
1.791810989379882812e-02 6.758272647857666016e-04
1.791858673095703125e-02 6.376951932907104492e-04
1.791906356811523438e-02 5.999505519866943359e-04
1.791954040527343750e-02 5.626827478408813477e-04
1.792001724243164062e-02 5.258768796920776367e-04
1.792001724243164062e-02 4.893690347671508789e-04
1.791954040527343750e-02 4.530847072601318359e-04
1.791906356811523438e-02 4.076957702636718750e-04
1.791858673095703125e-02 3.725141286849975586e-04
1.791763305664062500e-02 3.373920917510986328e-04
1.791620254516601562e-02 3.026723861694335938e-04
1.791477203369140625e-02 2.684742212295532227e-04
1.791334152221679688e-02 2.348013222217559814e-04
1.791143417358398438e-02 2.016462385654449463e-04
1.791048049926757812e-02 1.690723001956939697e-04
1.790904998779296875e-02 1.370199024677276611e-04
1.790857315063476562e-02 1.054890453815460205e-04
1.790809631347656250e-02 6.572715938091278076e-05
1.790761947631835938e-02 3.500841557979583740e-05
1.790666580200195312e-02 4.868721589446067810e-06
1.790618896484375000e-02 -2.440158277750015259e-05
1.790571212768554688e-02 -5.303416401147842407e-05
1.790475845336914062e-02 -8.114613592624664307e-05
1.790380477905273438e-02 -1.088511198759078979e-04
1.790285110473632812e-02 -1.361519098281860352e-04
1.790189743041992188e-02 -1.625828444957733154e-04
1.790094375610351562e-02 -1.888945698738098145e-04
1.789951324462890625e-02 -2.200193703174591064e-04
1.789855957031250000e-02 -2.462193369865417480e-04
1.789712905883789062e-02 -2.719536423683166504e-04
1.789617538452148438e-02 -2.976879477500915527e-04
1.789522171020507812e-02 -3.231316804885864258e-04
1.789379119873046875e-02 -3.483444452285766602e-04
1.789188385009765625e-02 -3.733858466148376465e-04
1.789045333862304688e-02 -3.980770707130432129e-04
1.788902282714843750e-02 -4.225373268127441406e-04
1.788711547851562500e-02 -4.467070102691650391e-04
1.788520812988281250e-02 -4.775971174240112305e-04
1.788377761840820312e-02 -5.006641149520874023e-04
1.788234710693359375e-02 -5.232691764831542969e-04
1.788043975830078125e-02 -5.454719066619873047e-04
1.787948608398437500e-02 -5.672127008438110352e-04
1.787853240966796875e-02 -5.886554718017578125e-04
1.787710189819335938e-02 -6.096959114074707031e-04
1.787519454956054688e-02 -6.307363510131835938e-04
1.787328720092773438e-02 -6.517171859741210938e-04
1.787137985229492188e-02 -6.725788116455078125e-04
1.786804199218750000e-02 -6.968677043914794922e-04
1.786518096923828125e-02 -7.168054580688476562e-04
1.786231994628906250e-02 -7.365643978118896484e-04
1.785898208618164062e-02 -7.559806108474731445e-04
1.785564422607421875e-02 -7.751137018203735352e-04
1.785278320312500000e-02 -7.940679788589477539e-04
1.785135269165039062e-02 -8.129626512527465820e-04
1.784896850585937500e-02 -8.314549922943115234e-04
1.784706115722656250e-02 -8.496493101119995117e-04
1.784467697143554688e-02 -8.669793605804443359e-04
1.784181594848632812e-02 -8.886009454727172852e-04
1.783990859985351562e-02 -9.054094552993774414e-04
1.783752441406250000e-02 -9.217560291290283203e-04
1.783466339111328125e-02 -9.380429983139038086e-04
1.783275604248046875e-02 -9.539872407913208008e-04
1.782989501953125000e-02 -9.698122739791870117e-04
1.782703399658203125e-02 -9.858608245849609375e-04
1.782464981079101562e-02 -1.001685857772827148e-03
1.782178878784179688e-02 -1.017391681671142578e-03
1.781940460205078125e-02 -1.033157110214233398e-03
1.781702041625976562e-02 -1.052469015121459961e-03
1.781463623046875000e-02 -1.067757606506347656e-03
1.781272888183593750e-02 -1.083016395568847656e-03
1.781034469604492188e-02 -1.097798347473144531e-03
1.780891418457031250e-02 -1.112520694732666016e-03
1.780700683593750000e-02 -1.126945018768310547e-03
1.780557632446289062e-02 -1.141071319580078125e-03
1.780414581298828125e-02 -1.155287027359008789e-03
1.780223846435546875e-02 -1.169472932815551758e-03
1.780080795288085938e-02 -1.183629035949707031e-03
1.779842376708984375e-02 -1.200884580612182617e-03
1.779603958129882812e-02 -1.214563846588134766e-03
1.779413223266601562e-02 -1.227915287017822266e-03
1.779174804687500000e-02 -1.240819692611694336e-03
1.778984069824218750e-02 -1.253128051757812500e-03
1.778793334960937500e-02 -1.265108585357666016e-03
1.778554916381835938e-02 -1.276701688766479492e-03
1.778411865234375000e-02 -1.288235187530517578e-03
1.778173446655273438e-02 -1.299828290939331055e-03
1.777982711791992188e-02 -1.310914754867553711e-03
1.777744293212890625e-02 -1.323789358139038086e-03
1.777505874633789062e-02 -1.334786415100097656e-03
1.777267456054687500e-02 -1.345962285995483398e-03
1.777124404907226562e-02 -1.357346773147583008e-03
1.776933670043945312e-02 -1.368641853332519531e-03
1.776790618896484375e-02 -1.379817724227905273e-03
1.776695251464843750e-02 -1.390904188156127930e-03
1.776552200317382812e-02 -1.401901245117187500e-03
1.776361465454101562e-02 -1.412749290466308594e-03
1.776218414306640625e-02 -1.423239707946777344e-03
1.776027679443359375e-02 -1.435637474060058594e-03
1.775836944580078125e-02 -1.445442438125610352e-03
1.775693893432617188e-02 -1.454889774322509766e-03
1.775503158569335938e-02 -1.463472843170166016e-03
1.775360107421875000e-02 -1.472204923629760742e-03
1.775217056274414062e-02 -1.480668783187866211e-03
1.775074005126953125e-02 -1.489311456680297852e-03
1.774930953979492188e-02 -1.498460769653320312e-03
1.774787902832031250e-02 -1.507848501205444336e-03
1.774644851684570312e-02 -1.517355442047119141e-03
1.774454116821289062e-02 -1.528143882751464844e-03
1.774263381958007812e-02 -1.536667346954345703e-03
1.774072647094726562e-02 -1.545071601867675781e-03
1.773929595947265625e-02 -1.553475856781005859e-03
1.773738861083984375e-02 -1.561880111694335938e-03
1.773595809936523438e-02 -1.569777727127075195e-03
1.773405075073242188e-02 -1.577585935592651367e-03
1.773214340209960938e-02 -1.585483551025390625e-03
1.773071289062500000e-02 -1.592934131622314453e-03
1.772928237915039062e-02 -1.600295305252075195e-03
1.772737503051757812e-02 -1.608878374099731445e-03
1.772546768188476562e-02 -1.616418361663818359e-03
1.772403717041015625e-02 -1.624315977096557617e-03
1.772260665893554688e-02 -1.631736755371093750e-03
1.772165298461914062e-02 -1.639097929000854492e-03
1.772022247314453125e-02 -1.646459102630615234e-03
1.771926879882812500e-02 -1.653820276260375977e-03
1.771831512451171875e-02 -1.661002635955810547e-03
1.771736145019531250e-02 -1.667827367782592773e-03
1.771640777587890625e-02 -1.674681901931762695e-03
1.771545410156250000e-02 -1.682311296463012695e-03
1.771402359008789062e-02 -1.688629388809204102e-03
1.771259307861328125e-02 -1.694887876510620117e-03
1.771116256713867188e-02 -1.701205968856811523e-03
1.770925521850585938e-02 -1.707524061203002930e-03
1.770687103271484375e-02 -1.713633537292480469e-03
1.770496368408203125e-02 -1.719415187835693359e-03
1.770353317260742188e-02 -1.725226640701293945e-03
1.770210266113281250e-02 -1.731008291244506836e-03
1.770019531250000000e-02 -1.736760139465332031e-03
1.769876480102539062e-02 -1.743584871292114258e-03
1.769733428955078125e-02 -1.749336719512939453e-03
1.769590377807617188e-02 -1.755118370056152344e-03
1.769447326660156250e-02 -1.760452985763549805e-03
1.769351959228515625e-02 -1.765727996826171875e-03
1.769304275512695312e-02 -1.770943403244018555e-03
1.769256591796875000e-02 -1.776218414306640625e-03
1.769161224365234375e-02 -1.781433820724487305e-03
1.769065856933593750e-02 -1.786410808563232422e-03
1.768970489501953125e-02 -1.791626214981079102e-03
1.768827438354492188e-02 -1.797795295715332031e-03
1.768732070922851562e-02 -1.802712678909301758e-03
1.768589019775390625e-02 -1.807451248168945312e-03
1.768493652343750000e-02 -1.812279224395751953e-03
1.768398284912109375e-02 -1.817017793655395508e-03
1.768302917480468750e-02 -1.821726560592651367e-03
1.768207550048828125e-02 -1.826286315917968750e-03
1.768112182617187500e-02 -1.830458641052246094e-03
1.768016815185546875e-02 -1.834422349929809570e-03
1.767921447753906250e-02 -1.838058233261108398e-03
1.767778396606445312e-02 -1.842409372329711914e-03
1.767683029174804688e-02 -1.846134662628173828e-03
1.767587661743164062e-02 -1.849770545959472656e-03
1.767492294311523438e-02 -1.853495836257934570e-03
1.767396926879882812e-02 -1.857131719589233398e-03
1.767301559448242188e-02 -1.860857009887695312e-03
1.767158508300781250e-02 -1.864492893218994141e-03
1.767063140869140625e-02 -1.868218183517456055e-03
1.766967773437500000e-02 -1.871973276138305664e-03
1.766872406005859375e-02 -1.876205205917358398e-03
1.766729354858398438e-02 -1.881062984466552734e-03
1.766633987426757812e-02 -1.885235309600830078e-03
1.766538619995117188e-02 -1.889288425445556641e-03
1.766490936279296875e-02 -1.893132925033569336e-03
1.766443252563476562e-02 -1.897186040878295898e-03
1.766395568847656250e-02 -1.900941133499145508e-03
1.766347885131835938e-02 -1.904785633087158203e-03
1.766300201416015625e-02 -1.908481121063232422e-03
1.766204833984375000e-02 -1.912206411361694336e-03
1.766109466552734375e-02 -1.915842294692993164e-03
1.766014099121093750e-02 -1.920074224472045898e-03
1.765966415405273438e-02 -1.923739910125732422e-03
1.765918731689453125e-02 -1.927107572555541992e-03
1.765823364257812500e-02 -1.930236816406250000e-03
1.765680313110351562e-02 -1.933008432388305664e-03
1.765632629394531250e-02 -1.935601234436035156e-03
1.765537261962890625e-02 -1.938283443450927734e-03
1.765489578247070312e-02 -1.941233873367309570e-03
1.765394210815429688e-02 -1.944005489349365234e-03
1.765346527099609375e-02 -1.946806907653808594e-03
1.765298843383789062e-02 -1.949816942214965820e-03
1.765203475952148438e-02 -1.952469348907470703e-03
1.765108108520507812e-02 -1.955389976501464844e-03
1.764965057373046875e-02 -1.958370208740234375e-03
1.764917373657226562e-02 -1.961410045623779297e-03
1.764822006225585938e-02 -1.964092254638671875e-03
1.764774322509765625e-02 -1.966714859008789062e-03
1.764678955078125000e-02 -1.969337463378906250e-03
1.764583587646484375e-02 -1.972079277038574219e-03
1.764535903930664062e-02 -1.974761486053466797e-03
1.764440536499023438e-02 -1.977741718292236328e-03
1.764392852783203125e-02 -1.980423927307128906e-03
1.764345169067382812e-02 -1.983046531677246094e-03
1.764249801635742188e-02 -1.985430717468261719e-03
1.764154434204101562e-02 -1.987576484680175781e-03
1.764059066772460938e-02 -1.989662647247314453e-03
1.763916015625000000e-02 -1.991748809814453125e-03
1.763820648193359375e-02 -1.993894577026367188e-03
1.763772964477539062e-02 -1.995980739593505859e-03
1.763677597045898438e-02 -1.998066902160644531e-03
1.763582229614257812e-02 -2.000451087951660156e-03
1.763534545898437500e-02 -2.002596855163574219e-03
1.763486862182617188e-02 -2.004683017730712891e-03
1.763391494750976562e-02 -2.006769180297851562e-03
1.763343811035156250e-02 -2.008855342864990234e-03
1.763296127319335938e-02 -2.011001110076904297e-03
1.763248443603515625e-02 -2.013206481933593750e-03
1.763248443603515625e-02 -2.015829086303710938e-03
1.763200759887695312e-02 -2.018451690673828125e-03
1.763153076171875000e-02 -2.021074295043945312e-03
1.763105392456054688e-02 -2.024114131927490234e-03
1.763057708740234375e-02 -2.026677131652832031e-03
1.763010025024414062e-02 -2.028822898864746094e-03
1.763010025024414062e-02 -2.030909061431884766e-03
1.763010025024414062e-02 -2.032995223999023438e-03
1.762962341308593750e-02 -2.035081386566162109e-03
1.762866973876953125e-02 -2.036809921264648438e-03
1.762819290161132812e-02 -2.038359642028808594e-03
1.762771606445312500e-02 -2.039968967437744141e-03
1.762723922729492188e-02 -2.041518688201904297e-03
1.762676239013671875e-02 -2.043306827545166016e-03
1.762628555297851562e-02 -2.044856548309326172e-03
1.762580871582031250e-02 -2.046346664428710938e-03
1.762485504150390625e-02 -2.047359943389892578e-03
1.762437820434570312e-02 -2.048432826995849609e-03
1.762390136718750000e-02 -2.049446105957031250e-03
1.762342453002929688e-02 -2.050518989562988281e-03
1.762294769287109375e-02 -2.051532268524169922e-03
1.762247085571289062e-02 -2.052664756774902344e-03
1.762199401855468750e-02 -2.054214477539062500e-03
1.762104034423828125e-02 -2.056002616882324219e-03
1.762008666992187500e-02 -2.057552337646484375e-03
1.761913299560546875e-02 -2.059102058410644531e-03
1.761817932128906250e-02 -2.060770988464355469e-03
1.761722564697265625e-02 -2.062916755676269531e-03
1.761627197265625000e-02 -2.065002918243408203e-03
1.761579513549804688e-02 -2.067089080810546875e-03
1.761484146118164062e-02 -2.068936824798583984e-03
1.761388778686523438e-02 -2.070486545562744141e-03
1.761341094970703125e-02 -2.072095870971679688e-03
1.761245727539062500e-02 -2.073884010314941406e-03
1.761198043823242188e-02 -2.075493335723876953e-03
1.761150360107421875e-02 -2.077043056488037109e-03
1.761102676391601562e-02 -2.078652381896972656e-03
1.761007308959960938e-02 -2.080202102661132812e-03
1.760959625244140625e-02 -2.081811428070068359e-03
1.760864257812500000e-02 -2.083361148834228516e-03
1.760768890380859375e-02 -2.084553241729736328e-03
1.760673522949218750e-02 -2.085626125335693359e-03
1.760625839233398438e-02 -2.086639404296875000e-03
1.760530471801757812e-02 -2.087891101837158203e-03
1.760482788085937500e-02 -2.088904380798339844e-03
1.760435104370117188e-02 -2.089977264404296875e-03
1.760339736938476562e-02 -2.090990543365478516e-03
1.760292053222656250e-02 -2.092242240905761719e-03
1.760339736938476562e-02 -2.093791961669921875e-03
1.760339736938476562e-02 -2.095043659210205078e-03
1.760292053222656250e-02 -2.096116542816162109e-03
1.760244369506835938e-02 -2.097129821777343750e-03
1.760196685791015625e-02 -2.097666263580322266e-03
1.760101318359375000e-02 -2.098202705383300781e-03
1.760053634643554688e-02 -2.098739147186279297e-03
1.760005950927734375e-02 -2.099215984344482422e-03
1.759910583496093750e-02 -2.099990844726562500e-03
1.759815216064453125e-02 -2.101063728332519531e-03
1.759719848632812500e-02 -2.102077007293701172e-03
1.759624481201171875e-02 -2.103388309478759766e-03
1.759529113769531250e-02 -2.104997634887695312e-03
1.759386062622070312e-02 -2.106547355651855469e-03
1.759290695190429688e-02 -2.108097076416015625e-03
1.759147644042968750e-02 -2.109885215759277344e-03
1.759052276611328125e-02 -2.111554145812988281e-03
1.758956909179687500e-02 -2.112925052642822266e-03
1.758861541748046875e-02 -2.114474773406982422e-03
1.758718490600585938e-02 -2.116024494171142578e-03
1.758670806884765625e-02 -2.117097377777099609e-03
1.758575439453125000e-02 -2.118110656738281250e-03
1.758432388305664062e-02 -2.118706703186035156e-03
1.758384704589843750e-02 -2.118825912475585938e-03
1.758289337158203125e-02 -2.118468284606933594e-03
1.758241653442382812e-02 -2.119123935699462891e-03
1.758241653442382812e-02 -2.119421958923339844e-03
1.758241653442382812e-02 -2.119958400726318359e-03
1.758193969726562500e-02 -2.120435237884521484e-03
1.758146286010742188e-02 -2.120971679687500000e-03
1.758098602294921875e-02 -2.121508121490478516e-03
1.758050918579101562e-02 -2.122044563293457031e-03
1.757955551147460938e-02 -2.122581005096435547e-03
1.757907867431640625e-02 -2.123415470123291016e-03
1.757860183715820312e-02 -2.124369144439697266e-03
