1.922702789306640625e-02 -3.842294216156005859e-03
1.922464370727539062e-02 -3.842234611511230469e-03
1.922512054443359375e-02 -3.846406936645507812e-03
1.922988891601562500e-02 -3.848493099212646484e-03
1.923561096191406250e-02 -3.843963146209716797e-03
1.923799514770507812e-02 -3.838598728179931641e-03
1.923990249633789062e-02 -3.837406635284423828e-03
1.924610137939453125e-02 -3.840804100036621094e-03
1.925325393676757812e-02 -3.844976425170898438e-03
1.925802230834960938e-02 -3.846824169158935547e-03
1.925516128540039062e-02 -3.850758075714111328e-03
1.925325393676757812e-02 -3.853440284729003906e-03
1.925659179687500000e-02 -3.852784633636474609e-03
1.926469802856445312e-02 -3.848969936370849609e-03
1.927137374877929688e-02 -3.846108913421630859e-03
1.927232742309570312e-02 -3.845274448394775391e-03
1.926994323730468750e-02 -3.842949867248535156e-03
1.926994323730468750e-02 -3.841400146484375000e-03
1.927089691162109375e-02 -3.841400146484375000e-03
1.927232742309570312e-02 -3.843069076538085938e-03
1.927328109741210938e-02 -3.845632076263427734e-03
1.927375793457031250e-02 -3.847420215606689453e-03
1.927471160888671875e-02 -3.847658634185791016e-03
1.927614212036132812e-02 -3.849446773529052734e-03
1.927518844604492188e-02 -3.849327564239501953e-03
1.927232742309570312e-02 -3.847301006317138672e-03
1.926946640014648438e-02 -3.846466541290283203e-03
1.926851272583007812e-02 -3.847658634185791016e-03
1.926946640014648438e-02 -3.848791122436523438e-03
1.927042007446289062e-02 -3.846824169158935547e-03
1.927137374877929688e-02 -3.843426704406738281e-03
1.927089691162109375e-02 -3.841578960418701172e-03
1.926994323730468750e-02 -3.840923309326171875e-03
1.926946640014648438e-02 -3.840625286102294922e-03
1.926994323730468750e-02 -3.841102123260498047e-03
1.926994323730468750e-02 -3.841280937194824219e-03
1.926898956298828125e-02 -3.839969635009765625e-03
1.926803588867187500e-02 -3.838121891021728516e-03
1.926755905151367188e-02 -3.835320472717285156e-03
1.926708221435546875e-02 -3.832221031188964844e-03
1.926708221435546875e-02 -3.829896450042724609e-03
1.926755905151367188e-02 -3.828465938568115234e-03
1.926660537719726562e-02 -3.828048706054687500e-03
1.926612854003906250e-02 -3.827631473541259766e-03
1.926565170288085938e-02 -3.825306892395019531e-03
1.926517486572265625e-02 -3.822147846221923828e-03
1.926469802856445312e-02 -3.820419311523437500e-03
1.926469802856445312e-02 -3.818631172180175781e-03
1.926565170288085938e-02 -3.816425800323486328e-03
1.926660537719726562e-02 -3.814041614532470703e-03
1.926708221435546875e-02 -3.811120986938476562e-03
1.926708221435546875e-02 -3.808796405792236328e-03
1.926708221435546875e-02 -3.807604312896728516e-03
1.926660537719726562e-02 -3.806531429290771484e-03
1.926660537719726562e-02 -3.804028034210205078e-03
1.926660537719726562e-02 -3.801584243774414062e-03
1.926708221435546875e-02 -3.800272941589355469e-03
1.926708221435546875e-02 -3.798782825469970703e-03
1.926708221435546875e-02 -3.796577453613281250e-03
1.926755905151367188e-02 -3.794252872467041016e-03
1.926803588867187500e-02 -3.792047500610351562e-03
1.926803588867187500e-02 -3.790676593780517578e-03
1.926755905151367188e-02 -3.789901733398437500e-03
1.926755905151367188e-02 -3.788113594055175781e-03
1.926803588867187500e-02 -3.786683082580566406e-03
1.926851272583007812e-02 -3.785729408264160156e-03
1.926898956298828125e-02 -3.784358501434326172e-03
1.926946640014648438e-02 -3.782391548156738281e-03
1.926994323730468750e-02 -3.779590129852294922e-03
1.926994323730468750e-02 -3.777563571929931641e-03
1.927137374877929688e-02 -3.776729106903076172e-03
1.927185058593750000e-02 -3.775835037231445312e-03
1.927185058593750000e-02 -3.774344921112060547e-03
1.927232742309570312e-02 -3.772854804992675781e-03
1.927280426025390625e-02 -3.771364688873291016e-03
1.927280426025390625e-02 -3.769576549530029297e-03
1.927280426025390625e-02 -3.767549991607666016e-03
1.927328109741210938e-02 -3.766357898712158203e-03
1.927375793457031250e-02 -3.765344619750976562e-03
1.927375793457031250e-02 -3.763735294342041016e-03
1.927328109741210938e-02 -3.761649131774902344e-03
1.927328109741210938e-02 -3.759980201721191406e-03
1.927423477172851562e-02 -3.759145736694335938e-03
1.927518844604492188e-02 -3.758192062377929688e-03
1.927566528320312500e-02 -3.757059574127197266e-03
1.927614212036132812e-02 -3.755211830139160156e-03
1.927614212036132812e-02 -3.753364086151123047e-03
1.927661895751953125e-02 -3.751873970031738281e-03
1.927757263183593750e-02 -3.750562667846679688e-03
1.927804946899414062e-02 -3.749370574951171875e-03
1.927852630615234375e-02 -3.748655319213867188e-03
1.927900314331054688e-02 -3.747880458831787109e-03
1.927900314331054688e-02 -3.746509552001953125e-03
1.927947998046875000e-02 -3.744721412658691406e-03
1.927900314331054688e-02 -3.743529319763183594e-03
1.927852630615234375e-02 -3.742158412933349609e-03
1.927900314331054688e-02 -3.739356994628906250e-03
1.927947998046875000e-02 -3.736853599548339844e-03
1.927947998046875000e-02 -3.736376762390136719e-03
1.927995681762695312e-02 -3.736555576324462891e-03
1.928043365478515625e-02 -3.736317157745361328e-03
1.928091049194335938e-02 -3.734886646270751953e-03
1.928138732910156250e-02 -3.733217716217041016e-03
1.928138732910156250e-02 -3.731667995452880859e-03
1.928186416625976562e-02 -3.729820251464843750e-03
1.928234100341796875e-02 -3.727793693542480469e-03
1.928234100341796875e-02 -3.726482391357421875e-03
1.928281784057617188e-02 -3.725528717041015625e-03
1.928234100341796875e-02 -3.724992275238037109e-03
1.928234100341796875e-02 -3.724813461303710938e-03
1.928186416625976562e-02 -3.724157810211181641e-03
1.928234100341796875e-02 -3.722965717315673828e-03
1.928281784057617188e-02 -3.721296787261962891e-03
1.928329467773437500e-02 -3.719687461853027344e-03
1.928329467773437500e-02 -3.718197345733642578e-03
1.928377151489257812e-02 -3.716647624969482422e-03
1.928424835205078125e-02 -3.715038299560546875e-03
1.928424835205078125e-02 -3.713607788085937500e-03
1.928329467773437500e-02 -3.712654113769531250e-03
1.928329467773437500e-02 -3.711938858032226562e-03
1.928329467773437500e-02 -3.710865974426269531e-03
1.928329467773437500e-02 -3.709852695465087891e-03
1.928329467773437500e-02 -3.708839416503906250e-03
1.928329467773437500e-02 -3.707528114318847656e-03
1.928329467773437500e-02 -3.706514835357666016e-03
1.928329467773437500e-02 -3.705620765686035156e-03
1.928329467773437500e-02 -3.704309463500976562e-03
1.928329467773437500e-02 -3.703117370605468750e-03
1.928329467773437500e-02 -3.702342510223388672e-03
1.928329467773437500e-02 -3.701448440551757812e-03
1.928377151489257812e-02 -3.700256347656250000e-03
1.928424835205078125e-02 -3.698945045471191406e-03
1.928424835205078125e-02 -3.697931766510009766e-03
1.928472518920898438e-02 -3.696620464324951172e-03
1.928472518920898438e-02 -3.695428371429443359e-03
1.928472518920898438e-02 -3.694295883178710938e-03
1.928472518920898438e-02 -3.693103790283203125e-03
1.928472518920898438e-02 -3.691852092742919922e-03
1.928472518920898438e-02 -3.690779209136962891e-03
1.928424835205078125e-02 -3.689944744110107422e-03
1.928424835205078125e-02 -3.689169883728027344e-03
1.928472518920898438e-02 -3.688514232635498047e-03
1.928472518920898438e-02 -3.687620162963867188e-03
1.928377151489257812e-02 -3.686010837554931641e-03
1.928329467773437500e-02 -3.684580326080322266e-03
1.928377151489257812e-02 -3.683090209960937500e-03
1.928424835205078125e-02 -3.682076930999755859e-03
1.928424835205078125e-02 -3.681123256683349609e-03
1.928424835205078125e-02 -3.680109977722167969e-03
1.928377151489257812e-02 -3.678739070892333984e-03
1.928377151489257812e-02 -3.677070140838623047e-03
1.928424835205078125e-02 -3.675580024719238281e-03
1.928424835205078125e-02 -3.674149513244628906e-03
1.928377151489257812e-02 -3.673136234283447266e-03
1.928377151489257812e-02 -3.672480583190917969e-03
1.928377151489257812e-02 -3.671586513519287109e-03
1.928377151489257812e-02 -3.670454025268554688e-03
1.928329467773437500e-02 -3.669083118438720703e-03
1.928329467773437500e-02 -3.667473793029785156e-03
1.928377151489257812e-02 -3.665804862976074219e-03
1.928377151489257812e-02 -3.664433956146240234e-03
1.928424835205078125e-02 -3.663301467895507812e-03
1.928377151489257812e-02 -3.661990165710449219e-03
1.928424835205078125e-02 -3.661394119262695312e-03
1.928424835205078125e-02 -3.660619258880615234e-03
1.928424835205078125e-02 -3.659725189208984375e-03
1.928424835205078125e-02 -3.658473491668701172e-03
1.928377151489257812e-02 -3.656983375549316406e-03
1.928329467773437500e-02 -3.655612468719482422e-03
1.928329467773437500e-02 -3.654420375823974609e-03
1.928329467773437500e-02 -3.653049468994140625e-03
1.928329467773437500e-02 -3.651440143585205078e-03
1.928329467773437500e-02 -3.650724887847900391e-03
1.928329467773437500e-02 -3.650128841400146484e-03
1.928329467773437500e-02 -3.649234771728515625e-03
1.928329467773437500e-02 -3.647923469543457031e-03
1.928329467773437500e-02 -3.646254539489746094e-03
1.928329467773437500e-02 -3.644704818725585938e-03
1.928329467773437500e-02 -3.643631935119628906e-03
1.928281784057617188e-02 -3.642380237579345703e-03
1.928138732910156250e-02 -3.641366958618164062e-03
1.928186416625976562e-02 -3.640413284301757812e-03
1.928281784057617188e-02 -3.639459609985351562e-03
1.928329467773437500e-02 -3.638446331024169922e-03
1.928329467773437500e-02 -3.637373447418212891e-03
1.928329467773437500e-02 -3.635704517364501953e-03
1.928281784057617188e-02 -3.634214401245117188e-03
1.928234100341796875e-02 -3.632903099060058594e-03
1.928234100341796875e-02 -3.631949424743652344e-03
1.928281784057617188e-02 -3.631114959716796875e-03
1.928281784057617188e-02 -3.630280494689941406e-03
1.928281784057617188e-02 -3.629088401794433594e-03
1.928281784057617188e-02 -3.627955913543701172e-03
1.928281784057617188e-02 -3.626585006713867188e-03
1.928234100341796875e-02 -3.625035285949707031e-03
1.928234100341796875e-02 -3.623902797698974609e-03
1.928234100341796875e-02 -3.623068332672119141e-03
1.928234100341796875e-02 -3.622114658355712891e-03
1.928186416625976562e-02 -3.620922565460205078e-03
1.928186416625976562e-02 -3.619849681854248047e-03
1.928186416625976562e-02 -3.618717193603515625e-03
1.928186416625976562e-02 -3.617525100708007812e-03
1.928186416625976562e-02 -3.616213798522949219e-03
1.928186416625976562e-02 -3.614902496337890625e-03
1.928186416625976562e-02 -3.613710403442382812e-03
1.928186416625976562e-02 -3.612577915191650391e-03
1.928138732910156250e-02 -3.611683845520019531e-03
1.928138732910156250e-02 -3.611028194427490234e-03
1.928138732910156250e-02 -3.610551357269287109e-03
1.928186416625976562e-02 -3.609716892242431641e-03
1.928234100341796875e-02 -3.608703613281250000e-03
1.928186416625976562e-02 -3.607392311096191406e-03
1.928186416625976562e-02 -3.605902194976806641e-03
1.928186416625976562e-02 -3.604352474212646484e-03
1.928186416625976562e-02 -3.603160381317138672e-03
1.928138732910156250e-02 -3.602087497711181641e-03
1.928138732910156250e-02 -3.600716590881347656e-03
1.928138732910156250e-02 -3.599345684051513672e-03
1.928138732910156250e-02 -3.597736358642578125e-03
1.928138732910156250e-02 -3.596365451812744141e-03
1.928138732910156250e-02 -3.595352172851562500e-03
1.928138732910156250e-02 -3.594756126403808594e-03
1.928138732910156250e-02 -3.594040870666503906e-03
1.928138732910156250e-02 -3.592550754547119141e-03
1.928091049194335938e-02 -3.591060638427734375e-03
1.928091049194335938e-02 -3.589868545532226562e-03
1.928138732910156250e-02 -3.588676452636718750e-03
1.928138732910156250e-02 -3.587186336517333984e-03
1.928091049194335938e-02 -3.585994243621826172e-03
1.928043365478515625e-02 -3.584742546081542969e-03
1.928043365478515625e-02 -3.583550453186035156e-03
1.928091049194335938e-02 -3.582477569580078125e-03
1.928091049194335938e-02 -3.581345081329345703e-03
1.928091049194335938e-02 -3.580152988433837891e-03
1.928043365478515625e-02 -3.578841686248779297e-03
1.928091049194335938e-02 -3.577530384063720703e-03
1.928091049194335938e-02 -3.576338291168212891e-03
1.928091049194335938e-02 -3.575384616851806641e-03
1.928091049194335938e-02 -3.574669361114501953e-03
1.928091049194335938e-02 -3.573894500732421875e-03
1.928043365478515625e-02 -3.572642803192138672e-03
1.928043365478515625e-02 -3.571033477783203125e-03
1.927995681762695312e-02 -3.570020198822021484e-03
1.927995681762695312e-02 -3.569006919860839844e-03
1.927947998046875000e-02 -3.568053245544433594e-03
1.927995681762695312e-02 -3.567218780517578125e-03
1.927995681762695312e-02 -3.566145896911621094e-03
1.928043365478515625e-02 -3.564834594726562500e-03
1.927995681762695312e-02 -3.563702106475830078e-03
1.927995681762695312e-02 -3.562688827514648438e-03
1.927995681762695312e-02 -3.561675548553466797e-03
1.928043365478515625e-02 -3.560543060302734375e-03
1.927995681762695312e-02 -3.559827804565429688e-03
1.927995681762695312e-02 -3.559291362762451172e-03
1.927995681762695312e-02 -3.558158874511718750e-03
1.928043365478515625e-02 -3.556668758392333984e-03
1.928043365478515625e-02 -3.555297851562500000e-03
1.928043365478515625e-02 -3.554046154022216797e-03
1.928043365478515625e-02 -3.553211688995361328e-03
1.927995681762695312e-02 -3.552317619323730469e-03
1.927995681762695312e-02 -3.551185131072998047e-03
1.927995681762695312e-02 -3.550291061401367188e-03
1.927995681762695312e-02 -3.548979759216308594e-03
1.927995681762695312e-02 -3.547787666320800781e-03
1.927947998046875000e-02 -3.547012805938720703e-03
1.927947998046875000e-02 -3.546297550201416016e-03
1.927947998046875000e-02 -3.545105457305908203e-03
1.927947998046875000e-02 -3.543615341186523438e-03
1.927995681762695312e-02 -3.542184829711914062e-03
1.927995681762695312e-02 -3.541171550750732422e-03
1.927995681762695312e-02 -3.540098667144775391e-03
1.927995681762695312e-02 -3.538429737091064453e-03
1.927947998046875000e-02 -3.537178039550781250e-03
1.927947998046875000e-02 -3.536283969879150391e-03
1.927947998046875000e-02 -3.535628318786621094e-03
1.927900314331054688e-02 -3.534853458404541016e-03
1.927947998046875000e-02 -3.533661365509033203e-03
1.927947998046875000e-02 -3.532350063323974609e-03
1.927947998046875000e-02 -3.531157970428466797e-03
1.927947998046875000e-02 -3.530263900756835938e-03
1.927947998046875000e-02 -3.529489040374755859e-03
1.927947998046875000e-02 -3.528475761413574219e-03
1.927995681762695312e-02 -3.527283668518066406e-03
1.927995681762695312e-02 -3.526270389556884766e-03
1.927947998046875000e-02 -3.525137901306152344e-03
1.927947998046875000e-02 -3.523945808410644531e-03
1.927900314331054688e-02 -3.522634506225585938e-03
1.927900314331054688e-02 -3.521502017974853516e-03
1.927947998046875000e-02 -3.520250320434570312e-03
1.927947998046875000e-02 -3.518939018249511719e-03
1.927900314331054688e-02 -3.518104553222656250e-03
1.927852630615234375e-02 -3.517329692840576172e-03
1.927900314331054688e-02 -3.516614437103271484e-03
1.927900314331054688e-02 -3.515958786010742188e-03
1.927900314331054688e-02 -3.515303134918212891e-03
1.927947998046875000e-02 -3.513991832733154297e-03
1.927995681762695312e-02 -3.512263298034667969e-03
1.927995681762695312e-02 -3.510951995849609375e-03
1.927947998046875000e-02 -3.509938716888427734e-03
1.927900314331054688e-02 -3.509104251861572266e-03
1.927900314331054688e-02 -3.508627414703369141e-03
1.927900314331054688e-02 -3.507971763610839844e-03
1.927900314331054688e-02 -3.506898880004882812e-03
1.927900314331054688e-02 -3.505647182464599609e-03
1.927900314331054688e-02 -3.504812717437744141e-03
1.927852630615234375e-02 -3.503918647766113281e-03
1.927852630615234375e-02 -3.502905368804931641e-03
1.927804946899414062e-02 -3.501653671264648438e-03
1.927804946899414062e-02 -3.500640392303466797e-03
1.927852630615234375e-02 -3.499805927276611328e-03
1.927852630615234375e-02 -3.498613834381103516e-03
1.927852630615234375e-02 -3.497421741485595703e-03
1.927852630615234375e-02 -3.496646881103515625e-03
1.927852630615234375e-02 -3.495812416076660156e-03
1.927852630615234375e-02 -3.494918346405029297e-03
1.927900314331054688e-02 -3.493607044219970703e-03
1.927900314331054688e-02 -3.492414951324462891e-03
1.927900314331054688e-02 -3.491580486297607422e-03
1.927852630615234375e-02 -3.490388393402099609e-03
1.927852630615234375e-02 -3.489136695861816406e-03
1.927804946899414062e-02 -3.488421440124511719e-03
1.927804946899414062e-02 -3.487467765808105469e-03
1.927804946899414062e-02 -3.486275672912597656e-03
1.927852630615234375e-02 -3.485381603240966797e-03
1.927852630615234375e-02 -3.484308719635009766e-03
1.927900314331054688e-02 -3.483235836029052734e-03
1.927852630615234375e-02 -3.481924533843994141e-03
1.927852630615234375e-02 -3.480911254882812500e-03
1.927804946899414062e-02 -3.480374813079833984e-03
1.927804946899414062e-02 -3.479897975921630859e-03
1.927804946899414062e-02 -3.479242324829101562e-03
1.927804946899414062e-02 -3.478765487670898438e-03
1.927804946899414062e-02 -3.478050231933593750e-03
1.927804946899414062e-02 -3.476798534393310547e-03
1.927757263183593750e-02 -3.475248813629150391e-03
1.927804946899414062e-02 -3.473758697509765625e-03
1.927804946899414062e-02 -3.472745418548583984e-03
1.927852630615234375e-02 -3.471910953521728516e-03
1.927852630615234375e-02 -3.471374511718750000e-03
1.927852630615234375e-02 -3.470957279205322266e-03
1.927852630615234375e-02 -3.470420837402343750e-03
1.927852630615234375e-02 -3.469109535217285156e-03
1.927852630615234375e-02 -3.467619419097900391e-03
1.927900314331054688e-02 -3.466546535491943359e-03
1.927852630615234375e-02 -3.465890884399414062e-03
1.927852630615234375e-02 -3.465533256530761719e-03
1.927852630615234375e-02 -3.464937210083007812e-03
1.927852630615234375e-02 -3.463745117187500000e-03
1.927804946899414062e-02 -3.462433815002441406e-03
1.927852630615234375e-02 -3.461718559265136719e-03
1.927852630615234375e-02 -3.460943698883056641e-03
1.927852630615234375e-02 -3.459751605987548828e-03
1.927852630615234375e-02 -3.458619117736816406e-03
1.927852630615234375e-02 -3.457605838775634766e-03
1.927852630615234375e-02 -3.456711769104003906e-03
1.927852630615234375e-02 -3.455877304077148438e-03
1.927852630615234375e-02 -3.455221652984619141e-03
1.927804946899414062e-02 -3.454685211181640625e-03
1.927804946899414062e-02 -3.453373908996582031e-03
1.927804946899414062e-02 -3.451883792877197266e-03
1.927804946899414062e-02 -3.451228141784667969e-03
1.927804946899414062e-02 -3.450751304626464844e-03
1.927804946899414062e-02 -3.449738025665283203e-03
1.927852630615234375e-02 -3.448426723480224609e-03
1.927852630615234375e-02 -3.447592258453369141e-03
1.927900314331054688e-02 -3.446936607360839844e-03
1.927900314331054688e-02 -3.446400165557861328e-03
1.927852630615234375e-02 -3.445923328399658203e-03
1.927804946899414062e-02 -3.445088863372802734e-03
1.927804946899414062e-02 -3.444015979766845703e-03
1.927852630615234375e-02 -3.442704677581787109e-03
1.927852630615234375e-02 -3.441333770751953125e-03
1.927852630615234375e-02 -3.439843654632568359e-03
1.927852630615234375e-02 -3.438532352447509766e-03
1.927804946899414062e-02 -3.437578678131103516e-03
1.927804946899414062e-02 -3.436684608459472656e-03
1.927804946899414062e-02 -3.435730934143066406e-03
1.927804946899414062e-02 -3.434896469116210938e-03
1.927852630615234375e-02 -3.434240818023681641e-03
1.927852630615234375e-02 -3.433704376220703125e-03
1.927804946899414062e-02 -3.432750701904296875e-03
1.927804946899414062e-02 -3.431916236877441406e-03
1.927804946899414062e-02 -3.431200981140136719e-03
1.927852630615234375e-02 -3.430545330047607422e-03
1.927852630615234375e-02 -3.429591655731201172e-03
1.927900314331054688e-02 -3.428518772125244141e-03
1.927900314331054688e-02 -3.427565097808837891e-03
1.927900314331054688e-02 -3.426849842071533203e-03
1.927900314331054688e-02 -3.426253795623779297e-03
1.927852630615234375e-02 -3.425359725952148438e-03
1.927900314331054688e-02 -3.424823284149169922e-03
1.927852630615234375e-02 -3.424227237701416016e-03
1.927852630615234375e-02 -3.423571586608886719e-03
1.927852630615234375e-02 -3.422856330871582031e-03
1.927852630615234375e-02 -3.422081470489501953e-03
1.927804946899414062e-02 -3.421366214752197266e-03
1.927852630615234375e-02 -3.420412540435791016e-03
1.927852630615234375e-02 -3.419697284698486328e-03
1.927852630615234375e-02 -3.418982028961181641e-03
1.927852630615234375e-02 -3.418207168579101562e-03
