3.877561539411544800e-06 -3.999302862212061882e-07
3.895023837685585022e-06 -4.231114871799945831e-07
3.912369720637798309e-06 -4.520989023149013519e-07
3.895023837685585022e-06 -4.868779797106981277e-07
3.871740773320198059e-06 -4.926696419715881348e-07
3.848574124276638031e-06 -5.216425051912665367e-07
3.866036422550678253e-06 -4.984613042324781418e-07
3.900728188455104828e-06 -4.984613042324781418e-07
3.889203071594238281e-06 -5.100591806694865227e-07
3.906548954546451569e-06 -5.274487193673849106e-07
3.889203071594238281e-06 -5.100591806694865227e-07
3.900728188455104828e-06 -4.405010258778929710e-07
3.941357135772705078e-06 -3.767490852624177933e-07
3.970344550907611847e-06 -4.173198249191045761e-07
3.935536369681358337e-06 -4.405010258778929710e-07
3.895023837685585022e-06 -4.231114871799945831e-07
3.871740773320198059e-06 -4.057292244397103786e-07
3.866036422550678253e-06 -3.767490852624177933e-07
3.900728188455104828e-06 -3.419700078666210175e-07
3.924011252820491791e-06 -3.071909304708242416e-07
3.906548954546451569e-06 -3.071909304708242416e-07
3.924011252820491791e-06 -3.535606083460152149e-07
3.941357135772705078e-06 -3.651512088254094124e-07
3.970344550907611847e-06 -3.245804691687226295e-07
3.981869667768478394e-06 -2.956003299914300442e-07
3.952882252633571625e-06 -3.013992682099342346e-07
3.918190486729145050e-06 -2.840097295120358467e-07
3.929715603590011597e-06 -2.840097295120358467e-07
3.947177901864051819e-06 -2.434389898553490639e-07
3.970344550907611847e-06 -2.318447513971477747e-07
3.952882252633571625e-06 -2.840097295120358467e-07
3.929715603590011597e-06 -2.840097295120358467e-07
3.941357135772705078e-06 -2.492306521162390709e-07
3.947177901864051819e-06 -2.376400516368448734e-07
3.947177901864051819e-06 -2.550295903347432613e-07
3.947177901864051819e-06 -2.434389898553490639e-07
3.947177901864051819e-06 -2.376400516368448734e-07
3.929715603590011597e-06 -2.086599124595522881e-07
3.947177901864051819e-06 -2.086599124595522881e-07
3.981869667768478394e-06 -2.434389898553490639e-07
3.976165316998958588e-06 -2.434389898553490639e-07
3.941357135772705078e-06 -2.376400516368448734e-07
3.935536369681358337e-06 -2.434389898553490639e-07
3.970344550907611847e-06 -2.782107912935316563e-07
3.987690433859825134e-06 -2.724191290326416492e-07
3.952882252633571625e-06 -2.144552126992493868e-07
3.935536369681358337e-06 -1.622902345843613148e-07
3.929715603590011597e-06 -1.391053956467658281e-07
3.924011252820491791e-06 -1.564949343446642160e-07
3.900728188455104828e-06 -1.738844730425626040e-07
3.883382305502891541e-06 -1.912703737616539001e-07
3.877561539411544800e-06 -1.738844730425626040e-07
3.877561539411544800e-06 -1.275147951673716307e-07
3.866036422550678253e-06 -8.694223652128130198e-08
3.877561539411544800e-06 -1.101252564694732428e-07
3.906548954546451569e-06 -1.101252564694732428e-07
3.941357135772705078e-06 -6.375739758368581533e-08
3.935536369681358337e-06 -3.477634891169145703e-08
3.906548954546451569e-06 -6.375739758368581533e-08
3.877561539411544800e-06 -1.101252564694732428e-07
3.877561539411544800e-06 -1.391053956467658281e-07
3.889203071594238281e-06 -1.275147951673716307e-07
3.924011252820491791e-06 -8.694223652128130198e-08
3.958703018724918365e-06 -2.898059392464347184e-08
3.970344550907611847e-06 2.898059392464347184e-08
3.918190486729145050e-06 1.738817445584572852e-08
3.848574124276638031e-06 -4.057255864609032869e-08
3.860215656459331512e-06 -9.273753676097840071e-08
3.883382305502891541e-06 -9.853283700067549944e-08
3.860215656459331512e-06 -6.375739758368581533e-08
3.866036422550678253e-06 0.000000000000000000e+00
3.895023837685585022e-06 4.057255864609032869e-08
3.906548954546451569e-06 2.898059392464347184e-08
3.924011252820491791e-06 4.057255864609032869e-08
3.947177901864051819e-06 5.216497811488807201e-08
3.924011252820491791e-06 3.477634891169145703e-08
3.900728188455104828e-06 5.796096047561150044e-09
3.889203071594238281e-06 -5.796096047561150044e-09
3.906548954546451569e-06 2.318438419024460018e-08
3.906548954546451569e-06 5.796118784928694367e-08
3.883382305502891541e-06 1.101252564694732428e-07
3.860215656459331512e-06 1.101252564694732428e-07
3.854394890367984772e-06 9.853283700067549944e-08
3.860215656459331512e-06 1.043299562297761440e-07
3.842869773507118225e-06 8.114511729218065739e-08
3.860215656459331512e-06 3.477634891169145703e-08
3.883382305502891541e-06 4.636876838048920035e-08
3.906548954546451569e-06 9.273753676097840071e-08
3.941357135772705078e-06 9.273753676097840071e-08
3.941357135772705078e-06 7.534981705248355865e-08
3.952882252633571625e-06 8.114511729218065739e-08
3.970344550907611847e-06 1.217194949276745319e-07
3.952882252633571625e-06 1.738844730425626040e-07
3.935536369681358337e-06 1.796797732822597027e-07
3.900728188455104828e-06 1.738844730425626040e-07
3.854394890367984772e-06 1.738844730425626040e-07
3.860215656459331512e-06 2.028646122198551893e-07
3.877561539411544800e-06 2.202505129389464855e-07
3.906548954546451569e-06 2.144552126992493868e-07
3.889203071594238281e-06 2.434389898553490639e-07
3.842869773507118225e-06 2.782107912935316563e-07
3.866036422550678253e-06 3.013992682099342346e-07
3.889203071594238281e-06 3.129898686893284321e-07
3.860215656459331512e-06 3.071909304708242416e-07
3.871740773320198059e-06 2.840097295120358467e-07
3.906548954546451569e-06 2.492306521162390709e-07
3.952882252633571625e-06 2.202505129389464855e-07
3.993511199951171875e-06 2.492306521162390709e-07
3.987690433859825134e-06 2.782107912935316563e-07
3.952882252633571625e-06 2.550295903347432613e-07
3.941357135772705078e-06 2.666201908141374588e-07
3.918190486729145050e-06 2.956003299914300442e-07
3.912369720637798309e-06 3.187888069078326225e-07
3.924011252820491791e-06 3.361710696481168270e-07
3.941357135772705078e-06 3.419700078666210175e-07
3.924011252820491791e-06 3.129898686893284321e-07
3.895023837685585022e-06 3.129898686893284321e-07
3.895023837685585022e-06 3.245804691687226295e-07
3.924011252820491791e-06 2.956003299914300442e-07
3.952882252633571625e-06 2.782107912935316563e-07
3.964523784816265106e-06 3.013992682099342346e-07
3.952882252633571625e-06 3.245804691687226295e-07
3.935536369681358337e-06 3.303794073872268200e-07
3.947177901864051819e-06 3.245804691687226295e-07
3.964523784816265106e-06 3.419700078666210175e-07
3.964523784816265106e-06 3.477689460851252079e-07
3.947177901864051819e-06 3.767490852624177933e-07
3.958703018724918365e-06 4.115208867006003857e-07
3.941357135772705078e-06 4.462999640963971615e-07
3.924011252820491791e-06 4.636895027942955494e-07
3.889203071594238281e-06 4.520989023149013519e-07
3.895023837685585022e-06 4.173198249191045761e-07
3.883382305502891541e-06 4.636895027942955494e-07
3.738503437489271164e-06 6.259797373786568642e-07
3.668945282697677612e-06 6.491609383374452591e-07
3.721099346876144409e-06 5.332403816282749176e-07
3.837049007415771484e-06 4.636895027942955494e-07
3.906548954546451569e-06 4.926696419715881348e-07
3.924011252820491791e-06 4.984613042324781418e-07
3.947177901864051819e-06 4.810717655345797539e-07
3.924011252820491791e-06 4.984613042324781418e-07
3.906548954546451569e-06 4.926696419715881348e-07
3.929715603590011597e-06 4.752801032736897469e-07
3.981869667768478394e-06 4.868779797106981277e-07
4.016677848994731903e-06 5.042675184085965157e-07
3.987690433859825134e-06 5.042675184085965157e-07
3.970344550907611847e-06 5.100591806694865227e-07
3.981869667768478394e-06 5.564215825870633125e-07
4.005152732133865356e-06 5.912006599828600883e-07
3.999331966042518616e-06 5.796027835458517075e-07
3.987690433859825134e-06 5.969923222437500954e-07
4.005152732133865356e-06 5.738111212849617004e-07
3.976165316998958588e-06 5.564215825870633125e-07
3.952882252633571625e-06 5.912006599828600883e-07
3.958703018724918365e-06 6.259797373786568642e-07
3.976165316998958588e-06 6.201880751177668571e-07
3.981869667768478394e-06 6.317713996395468712e-07
3.999331966042518616e-06 6.433692760765552521e-07
4.005152732133865356e-06 6.259797373786568642e-07
4.005152732133865356e-06 6.085901986807584763e-07
3.987690433859825134e-06 6.259797373786568642e-07
3.976165316998958588e-06 6.723421392962336540e-07
3.952882252633571625e-06 6.781483534723520279e-07
3.947177901864051819e-06 6.433692760765552521e-07
3.970344550907611847e-06 6.723421392962336540e-07
4.010857082903385162e-06 6.955378921702504158e-07
4.016677848994731903e-06 6.839400157332420349e-07
3.987690433859825134e-06 7.013295544311404228e-07
3.935536369681358337e-06 7.129128789529204369e-07
3.935536369681358337e-06 7.361086318269371986e-07
4.016677848994731903e-06 7.650814950466156006e-07
4.063011147081851959e-06 7.708877092227339745e-07
4.016677848994731903e-06 7.534981705248355865e-07
3.976165316998958588e-06 7.361086318269371986e-07
3.987690433859825134e-06 7.245107553899288177e-07
3.981869667768478394e-06 7.476919563487172127e-07
4.005152732133865356e-06 7.824710337445139885e-07
4.039844498038291931e-06 8.114584488794207573e-07
4.039844498038291931e-06 8.230417734012007713e-07
4.022498615086078644e-06 8.230417734012007713e-07
4.010857082903385162e-06 8.172501111403107643e-07
3.993511199951171875e-06 7.940689101815223694e-07
4.010857082903385162e-06 7.534981705248355865e-07
4.028319381177425385e-06 7.303024176508188248e-07
4.022498615086078644e-06 7.476919563487172127e-07
4.010857082903385162e-06 7.708877092227339745e-07
3.976165316998958588e-06 8.056522347033023834e-07
3.970344550907611847e-06 8.346396498382091522e-07
4.005152732133865356e-06 8.288479875773191452e-07
4.034140147268772125e-06 8.230417734012007713e-07
4.016677848994731903e-06 8.404313120990991592e-07
3.999331966042518616e-06 8.462229743599891663e-07
4.016677848994731903e-06 8.288479875773191452e-07
4.016677848994731903e-06 8.404313120990991592e-07
3.993511199951171875e-06 8.462229743599891663e-07
4.010857082903385162e-06 8.578208507969975471e-07
4.005152732133865356e-06 8.752103894948959351e-07
3.987690433859825134e-06 8.983915904536843300e-07
3.999331966042518616e-06 9.447685442864894867e-07
3.993511199951171875e-06 9.795476216822862625e-07
3.976165316998958588e-06 9.795476216822862625e-07
3.981869667768478394e-06 9.621435310691595078e-07
3.999331966042518616e-06 9.447685442864894867e-07
4.010857082903385162e-06 9.679351933300495148e-07
4.028319381177425385e-06 9.795476216822862625e-07
4.057306796312332153e-06 9.563518688082695007e-07
4.045665264129638672e-06 9.621435310691595078e-07
4.057306796312332153e-06 9.795476216822862625e-07
4.057306796312332153e-06 9.969226084649562836e-07
4.039844498038291931e-06 1.020118361338973045e-06
4.039844498038291931e-06 1.014326699078083038e-06
4.039844498038291931e-06 9.795476216822862625e-07
4.028319381177425385e-06 9.795476216822862625e-07
4.039844498038291931e-06 1.020118361338973045e-06
4.039844498038291931e-06 1.060689100995659828e-06
4.028319381177425385e-06 1.049105776473879814e-06
4.028319381177425385e-06 1.060689100995659828e-06
4.016677848994731903e-06 1.078064087778329849e-06
3.993511199951171875e-06 1.089676516130566597e-06
3.999331966042518616e-06 1.112843165174126625e-06
4.028319381177425385e-06 1.130247255787253380e-06
4.022498615086078644e-06 1.107051502913236618e-06
4.034140147268772125e-06 1.072272425517439842e-06
4.068831913173198700e-06 1.037493348121643066e-06
4.057306796312332153e-06 1.049105776473879814e-06
4.028319381177425385e-06 1.095468178391456604e-06
4.016677848994731903e-06 1.118634827435016632e-06
4.045665264129638672e-06 1.107051502913236618e-06
4.080473445355892181e-06 1.118634827435016632e-06
4.091998562216758728e-06 1.136038918048143387e-06
4.091998562216758728e-06 1.170817995443940163e-06
4.074652679264545441e-06 1.217180397361516953e-06
4.068831913173198700e-06 1.228763721883296967e-06
4.086294211447238922e-06 1.193984644487500191e-06
4.097819328308105469e-06 1.188192982226610184e-06
4.097819328308105469e-06 1.211388735100626945e-06
4.080473445355892181e-06 1.199805410578846931e-06
4.051486030220985413e-06 1.170817995443940163e-06
4.051486030220985413e-06 1.176609657704830170e-06
4.068831913173198700e-06 1.211388735100626945e-06
4.086294211447238922e-06 1.234555384144186974e-06
4.068831913173198700e-06 1.257751137018203735e-06
4.074652679264545441e-06 1.269334461539983749e-06
4.126806743443012238e-06 1.217180397361516953e-06
4.138448275625705719e-06 1.147622242569923401e-06
4.097819328308105469e-06 1.141830580309033394e-06
4.074652679264545441e-06 1.211388735100626945e-06
4.063011147081851959e-06 1.263542799279093742e-06
4.022498615086078644e-06 1.309905201196670532e-06
3.993511199951171875e-06 1.333100954070687294e-06
4.034140147268772125e-06 1.315725967288017273e-06
4.091998562216758728e-06 1.298321876674890518e-06
4.109460860490798950e-06 1.269334461539983749e-06
4.074652679264545441e-06 1.280946889892220497e-06
4.057306796312332153e-06 1.321517629548907280e-06
4.074652679264545441e-06 1.338892616331577301e-06
4.091998562216758728e-06 1.344684278592467308e-06
4.120985977351665497e-06 1.350475940853357315e-06
4.126806743443012238e-06 1.321517629548907280e-06
4.109460860490798950e-06 1.309905201196670532e-06
4.097819328308105469e-06 1.333100954070687294e-06
4.068831913173198700e-06 1.367880031466484070e-06
4.039844498038291931e-06 1.362088369205594063e-06
4.045665264129638672e-06 1.373671693727374077e-06
4.051486030220985413e-06 1.414242433384060860e-06
4.034140147268772125e-06 1.443229848518967628e-06
4.034140147268772125e-06 1.472217263653874397e-06
4.080473445355892181e-06 1.495383912697434425e-06
4.132627509534358978e-06 1.483800588175654411e-06
4.173140041530132294e-06 1.454813173040747643e-06
4.178960807621479034e-06 1.431646523997187614e-06
4.161614924669265747e-06 1.443229848518967628e-06
4.132627509534358978e-06 1.443229848518967628e-06
4.109460860490798950e-06 1.460604835301637650e-06
4.115281626582145691e-06 1.449021510779857635e-06
4.149973392486572266e-06 1.454813173040747643e-06
4.155794158577919006e-06 1.489592250436544418e-06
4.120985977351665497e-06 1.541775418445467949e-06
4.103640094399452209e-06 1.553358742967247963e-06
4.120985977351665497e-06 1.535954652354121208e-06
4.120985977351665497e-06 1.518579665571451187e-06
4.109460860490798950e-06 1.501175574958324432e-06
4.115281626582145691e-06 1.483800588175654411e-06
4.091998562216758728e-06 1.501175574958324432e-06
4.074652679264545441e-06 1.541775418445467949e-06
4.086294211447238922e-06 1.570733729749917984e-06
4.103640094399452209e-06 1.576525392010807991e-06
4.109460860490798950e-06 1.605512807145714760e-06
4.126806743443012238e-06 1.582346158102154732e-06
4.132627509534358978e-06 1.541775418445467949e-06
4.115281626582145691e-06 1.547567080706357956e-06
4.126806743443012238e-06 1.564942067489027977e-06
4.132627509534358978e-06 1.582346158102154732e-06
4.126806743443012238e-06 1.599721144884824753e-06
4.109460860490798950e-06 1.611304469406604767e-06
4.086294211447238922e-06 1.593929482623934746e-06
4.097819328308105469e-06 1.576525392010807991e-06
4.144152626395225525e-06 1.588137820363044739e-06
4.190602339804172516e-06 1.605512807145714760e-06
4.207948222756385803e-06 1.628708560019731522e-06
4.190602339804172516e-06 1.669279299676418304e-06
4.161614924669265747e-06 1.709850039333105087e-06
4.161614924669265747e-06 1.727225026115775108e-06
4.167435690760612488e-06 1.698266714811325073e-06
4.149973392486572266e-06 1.692445948719978333e-06
4.149973392486572266e-06 1.709850039333105087e-06
4.167435690760612488e-06 1.715641701593995094e-06
4.167435690760612488e-06 1.733045792207121849e-06
4.057306796312332153e-06 1.675070961937308311e-06
3.918190486729145050e-06 1.576525392010807991e-06
3.935536369681358337e-06 1.605512807145714760e-06
4.016677848994731903e-06 1.692445948719978333e-06
4.068831913173198700e-06 1.738837454468011856e-06
4.120985977351665497e-06 1.744629116728901863e-06
4.149973392486572266e-06 1.756212441250681877e-06
4.138448275625705719e-06 1.727225026115775108e-06
4.144152626395225525e-06 1.727225026115775108e-06
4.144152626395225525e-06 1.773616531863808632e-06
4.126806743443012238e-06 1.802574843168258667e-06
4.138448275625705719e-06 1.814187271520495415e-06
4.126806743443012238e-06 1.790991518646478653e-06
4.138448275625705719e-06 1.756212441250681877e-06
4.138448275625705719e-06 1.744629116728901863e-06
4.138448275625705719e-06 1.738837454468011856e-06
4.144152626395225525e-06 1.756212441250681877e-06
4.173140041530132294e-06 1.802574843168258667e-06
4.173140041530132294e-06 1.831562258303165436e-06
4.184781573712825775e-06 1.854758011177182198e-06
4.190602339804172516e-06 1.877924660220742226e-06
4.173140041530132294e-06 1.906912075355648994e-06
4.207948222756385803e-06 1.895328750833868980e-06
4.213768988847732544e-06 1.901120413094758987e-06
4.184781573712825775e-06 1.877924660220742226e-06
4.178960807621479034e-06 1.860549673438072205e-06
4.196423105895519257e-06 1.872132997959852219e-06
4.196423105895519257e-06 1.901120413094758987e-06
4.196423105895519257e-06 1.924287062138319016e-06
4.178960807621479034e-06 1.930107828229665756e-06
4.167435690760612488e-06 1.941691152751445770e-06
4.190602339804172516e-06 1.970678567886352539e-06
4.213768988847732544e-06 1.993845216929912567e-06
4.213768988847732544e-06 1.988082658499479294e-06
4.196423105895519257e-06 1.964857801795005798e-06
4.184781573712825775e-06 1.930107828229665756e-06
4.202127456665039062e-06 1.935870386660099030e-06
4.219589754939079285e-06 1.982261892408132553e-06
4.231114871799945831e-06 2.022832632064819336e-06
4.225410521030426025e-06 2.011249307543039322e-06
4.219589754939079285e-06 2.034415956586599350e-06
4.231114871799945831e-06 2.040236722677946091e-06
4.225410521030426025e-06 2.051820047199726105e-06
4.207948222756385803e-06 2.045999281108379364e-06
4.207948222756385803e-06 1.999665983021259308e-06
4.225410521030426025e-06 1.976441126316785812e-06
4.231114871799945831e-06 1.993845216929912567e-06
4.219589754939079285e-06 2.017070073634386063e-06
4.202127456665039062e-06 2.040236722677946091e-06
4.213768988847732544e-06 2.063403371721506119e-06
4.225410521030426025e-06 2.092390786856412888e-06
4.207948222756385803e-06 2.127140760421752930e-06
4.225410521030426025e-06 2.132961526513099670e-06
4.248577170073986053e-06 2.109794877469539642e-06
4.248577170073986053e-06 2.127140760421752930e-06
4.236935637891292572e-06 2.132961526513099670e-06
4.260102286934852600e-06 2.138782292604446411e-06
4.277564585208892822e-06 2.121378201991319656e-06
4.254281520843505859e-06 2.115557435899972916e-06
4.184781573712825775e-06 2.098211552947759628e-06
4.149973392486572266e-06 2.080807462334632874e-06
4.190602339804172516e-06 2.051820047199726105e-06
4.236935637891292572e-06 2.057640813291072845e-06
4.271743819117546082e-06 2.103974111378192902e-06
4.271743819117546082e-06 2.127140760421752930e-06
4.265923053026199341e-06 2.121378201991319656e-06
4.260102286934852600e-06 2.132961526513099670e-06
4.283268935978412628e-06 2.161948941648006439e-06
4.312256351113319397e-06 2.161948941648006439e-06
4.300731234252452850e-06 2.179353032261133194e-06
4.271743819117546082e-06 2.208340447396039963e-06
4.231114871799945831e-06 2.219923771917819977e-06
4.213768988847732544e-06 2.237269654870033264e-06
4.236935637891292572e-06 2.208340447396039963e-06
4.260102286934852600e-06 2.173532266169786453e-06
4.248577170073986053e-06 2.167711500078439713e-06
4.236935637891292572e-06 2.225686330348253250e-06
4.254281520843505859e-06 2.260494511574506760e-06
4.248577170073986053e-06 2.237269654870033264e-06
4.231114871799945831e-06 2.208340447396039963e-06
4.260102286934852600e-06 2.214103005826473236e-06
4.283268935978412628e-06 2.248911187052726746e-06
4.265923053026199341e-06 2.283661160618066788e-06
4.248577170073986053e-06 2.266257070004940033e-06
4.236935637891292572e-06 2.254673745483160019e-06
4.260102286934852600e-06 2.283661160618066788e-06
4.294910468161106110e-06 2.318411134183406830e-06
4.323897883296012878e-06 2.335815224796533585e-06
4.312256351113319397e-06 2.324231900274753571e-06
4.283268935978412628e-06 2.330052666366100311e-06
4.271743819117546082e-06 2.341635990887880325e-06
4.294910468161106110e-06 2.359040081501007080e-06
