9.769717115478357528e+00 1.364721258059570508e-01
9.760798157936438457e+00 1.250943176782125521e-01
9.755334959661606575e+00 1.355434313051954720e-01
9.744955859139894372e+00 1.406943855465612181e-01
9.769576566303109999e+00 1.556036780322792856e-01
9.759172066701349735e+00 1.526625504274523037e-01
9.766623201418802580e+00 1.466958732866967541e-01
9.738350759238844745e+00 1.138242718091553030e-01
9.785877835316762585e+00 1.198338621507988450e-01
9.754788305359351597e+00 1.344466573586843294e-01
9.783345248369341718e+00 1.045791774457010964e-01
9.774977698038858520e+00 1.243087227982052206e-01
9.776204479126057834e+00 1.336160747062334342e-01
9.736218674656139882e+00 1.498615197888296946e-01
9.776504109800859155e+00 1.329951849159160537e-01
9.755176783461850576e+00 1.213865804501271933e-01
9.760722905611721956e+00 1.226414521311047501e-01
9.716424840631233906e+00 1.249353688816624702e-01
9.759334928672450005e+00 1.292959583137792967e-01
9.795004174158824739e+00 1.131394049085011067e-01
9.752596765521237998e+00 1.481420831033462282e-01
9.762193871852094418e+00 1.423525823308260940e-01
9.767055752425829240e+00 1.160852468735909387e-01
9.756725310687597741e+00 1.244166616353309107e-01
9.756148495169496115e+00 1.286131925682355015e-01
9.732355312789129798e+00 1.201688382609318456e-01
9.731711425828379447e+00 1.547725822866738987e-01
9.780778690776008588e+00 1.625433322668315972e-01
9.769135861158979139e+00 1.178404353732730447e-01
9.746031149587665254e+00 1.175589447350751104e-01
9.802206921883465540e+00 1.390662371239692052e-01
9.793186531006924156e+00 9.567604818536591671e-02
9.738692533858374745e+00 1.333079865852729862e-01
9.738713300595984279e+00 1.278620107866046129e-01
9.755697822379726603e+00 1.414358488356277366e-01
9.769975140676653069e+00 1.158010571833933272e-01
9.746320209043471294e+00 1.095095012468470935e-01
9.761482099504609877e+00 1.390601429077279461e-01
9.753641996314588170e+00 1.134502066174691709e-01
9.756663602255052581e+00 1.405063563943326765e-01
9.717566471207115697e+00 1.572281426153089579e-01
9.739879120674370228e+00 1.141600038574473869e-01
9.783788772188000138e+00 1.175539956016968812e-01
9.779214080019833943e+00 1.118521329310884493e-01
9.751213697967415328e+00 1.333295606699253510e-01
9.702555890984788434e+00 1.164383517217366243e-01
9.760480681896074984e+00 1.571034275490448551e-01
9.776719589151280587e+00 1.166338485652711476e-01
9.755593460558539931e+00 1.550853369971156859e-01
9.734159626901139006e+00 1.138335014173706694e-01
9.736190808453573098e+00 1.584294653381179419e-01
9.752984528845432877e+00 1.497051299003600011e-01
9.760564903432314310e+00 1.060309004098176772e-01
9.761568942902620449e+00 1.444524358245309059e-01
9.766150445427644655e+00 9.982321659068799091e-02
9.740227701301177987e+00 1.428869042328616557e-01
9.721092770840815689e+00 1.402053259171502919e-01
9.746036221374122732e+00 1.353438718938649588e-01
9.784678872108825587e+00 1.069914856261149211e-01
9.768028360367198459e+00 1.556682321602310126e-01
9.802233903070531440e+00 1.108627488111744303e-01
9.775208007531849930e+00 1.637462805045394321e-01
9.751822726784936890e+00 1.297742578950197290e-01
9.718762109573885866e+00 1.175577636477508209e-01
9.758553107439025709e+00 1.524340328275139711e-01
9.743902180319015116e+00 1.485889551348892612e-01
9.749435170003909690e+00 1.392828418863252260e-01
9.742351807720611490e+00 1.003597722067626485e-01
9.738810520640443613e+00 1.306901346646827389e-01
9.746845455893218713e+00 1.386324255280334539e-01
9.754738178137788651e+00 1.066132243848668532e-01
9.757512108512580440e+00 1.522824529235143609e-01
9.749222731894302996e+00 1.109122895647150220e-01
9.755960055023539468e+00 1.301936646729586755e-01
9.784487934845051527e+00 1.171323609875539185e-01
9.738829224108624061e+00 1.059962148614150279e-01
9.768632045169416855e+00 1.364607608109745240e-01
9.735778023701348260e+00 1.122114476229076757e-01
9.775297185270288125e+00 1.458616657140509032e-01
9.726037187586630495e+00 1.288558829080532764e-01
9.745308317825498889e+00 1.455339849212838876e-01
9.714786402526648601e+00 1.625268567248869533e-01
9.741784977875449059e+00 1.090906259382812271e-01
9.743151778797415119e+00 1.263824083697756839e-01
9.763893560987488840e+00 1.252716506149207931e-01
9.799715157494242490e+00 1.310489863423617285e-01
9.781654630457031985e+00 1.392631037804616112e-01
9.737326827458897327e+00 1.335163761707127694e-01
9.781550562919557379e+00 1.210098636481913015e-01
9.745148191819104966e+00 1.465683294915310075e-01
9.749359194817298402e+00 1.796604609697141641e-01
9.748762376852358358e+00 1.355347557333821396e-01
9.759330927656503007e+00 1.257859342490411647e-01
9.753246077782844026e+00 1.479464326600657964e-01
9.767626261622318395e+00 1.096555994364330489e-01
9.765393424371906050e+00 1.631376666205772152e-01
9.772095024473868463e+00 1.314951596126547329e-01
9.752496908736313586e+00 1.232628320753323403e-01
9.773767752720537771e+00 1.272145632851345576e-01
9.730330109165393537e+00 1.403241317283453748e-01
9.745169805487840620e+00 1.291125766590979496e-01
9.733649454372040211e+00 1.252194149168575632e-01
9.783520482597955592e+00 1.390997722722172036e-01
9.742538236692823261e+00 1.499453769139071080e-01
9.727402376178952537e+00 1.087490863338761576e-01
9.770855725613968090e+00 1.587702206716680164e-01
9.788675642897675999e+00 1.186186266644442128e-01
9.755591627257926390e+00 1.216898881891282647e-01
9.759296844199035093e+00 8.908490620360130785e-02
9.737465911393892171e+00 1.289208427050407002e-01
9.697557461144498347e+00 1.557933886761893316e-01
9.734652715626181063e+00 9.553046839296926163e-02
9.742983503670249235e+00 1.018575004674651535e-01
9.716421123722991382e+00 1.270532480317361768e-01
9.697377331972308667e+00 1.309475171853212161e-01
9.789226830326390072e+00 1.447101869101724003e-01
9.748080755141225850e+00 1.277774679985691497e-01
9.753892029996540813e+00 1.204490192517075620e-01
9.739678370970514365e+00 1.723510508893772997e-01
9.758751847899496568e+00 1.406511101367843575e-01
9.779809353630843916e+00 1.682374386083749784e-01
9.721869248820960152e+00 1.500371132567307753e-01
9.694273176008545434e+00 1.150542582608909820e-01
9.713615761201472409e+00 1.121403665837191754e-01
9.763453166916169934e+00 1.378392826640126301e-01
9.726241985028407200e+00 1.172350695391763536e-01
9.734730752035412493e+00 1.126332617903055694e-01
9.722343292487403588e+00 1.250043617734918067e-01
9.771247517430593277e+00 1.844491978812227706e-01
9.725031017228610963e+00 1.528008309509195639e-01
9.734986218645728329e+00 1.389706440493446993e-01
9.774718585146978000e+00 1.617344854414448363e-01
9.722531552264179311e+00 1.402037910080539684e-01
9.706942614631596911e+00 1.427846830224339669e-01
9.739772233231734688e+00 9.284738671489585482e-02
9.754036591845876458e+00 1.319679380284627945e-01
9.702858257045557266e+00 1.137668226142213856e-01
9.691897562560390256e+00 1.098109251670912057e-01
9.747051641695614776e+00 1.374064307175138222e-01
9.730976354275529872e+00 1.442182462814188826e-01
9.745417889295277192e+00 1.633140264587616963e-01
9.754346204770747875e+00 1.121182364246933738e-01
9.732736392417898230e+00 1.536265567077098049e-01
9.754671185712012971e+00 1.290627047494819213e-01
9.742313121089562600e+00 1.293678202270642230e-01
9.744232638659758194e+00 1.454777828744338586e-01
9.734620912323849851e+00 1.630277711358508741e-01
9.746645684759515760e+00 1.283621100402448090e-01
9.765927755162543633e+00 1.271240635107847572e-01
9.737667289758302758e+00 1.917018279947190207e-01
9.725763939282963122e+00 1.700764251164130214e-01
9.709577142586130805e+00 1.697542092617107812e-01
9.746795597626373819e+00 2.056195574447982899e-01
9.773500090540455432e+00 1.742564693698032685e-01
9.761342377611306631e+00 1.492790231308814830e-01
9.733046062314414826e+00 1.649075631423738419e-01
9.757525507365658157e+00 1.620571462231235327e-01
9.758441701046585592e+00 1.315323124934663079e-01
9.751596051403012666e+00 1.655965580529641656e-01
9.727810483781052397e+00 1.429061794759259874e-01
9.739948446384001812e+00 1.282644066249911396e-01
9.766023711326226930e+00 1.662731271701331504e-01
9.737123133472385561e+00 1.652574563912825589e-01
9.765033311252048875e+00 1.290092286150968104e-01
9.732674046891576225e+00 1.477677054287520886e-01
9.783225205107671130e+00 1.467083447866157631e-01
9.769173046729251908e+00 1.430901642051097544e-01
9.794916238478624138e+00 1.850997786313680893e-01
9.759853434091244395e+00 1.759788252188838609e-01
9.744804920397875492e+00 1.456361743911678830e-01
9.771317467448000116e+00 1.570282700610800830e-01
9.756466304743760531e+00 1.689814954962626792e-01
9.736748550552823289e+00 1.888684883461447805e-01
9.712514577956030237e+00 1.864678278927476007e-01
9.757421245120159625e+00 1.468552347164983063e-01
9.770703999745954604e+00 1.834564728046030047e-01
9.738000034729640930e+00 1.728726606521139852e-01
9.738719373172015636e+00 1.769812209418100135e-01
9.758537996831320172e+00 1.710964282669206749e-01
9.779170631045271733e+00 1.892057350983600006e-01
9.765472105097094513e+00 1.950470375613808371e-01
9.760747656316452137e+00 1.448181111842740121e-01
9.764552339438855810e+00 1.845204225716073621e-01
9.762124734224883582e+00 1.577684779841858065e-01
9.769784718414561198e+00 1.395270751805521292e-01
9.726814211539752009e+00 1.873673416747923537e-01
9.746577294668039571e+00 1.787730592477171365e-01
9.797494919012448733e+00 1.715291874786648574e-01
9.776551316626303390e+00 1.496312034023967730e-01
9.776596745495057306e+00 1.951593840246174105e-01
9.757001754637927959e+00 1.766950885447111930e-01
9.786692108018385738e+00 1.865245774972349169e-01
9.768724483886863652e+00 2.013746303131900839e-01
9.774294053322755360e+00 1.690708343740452979e-01
9.765237819662646146e+00 2.024060044306720263e-01
9.787253566320572418e+00 1.975524410122418695e-01
9.712313834796454159e+00 1.647337615488548290e-01
9.778320860182386554e+00 1.826153191750580773e-01
9.801901101291225160e+00 1.943671899095870959e-01
9.751772332663474430e+00 1.822250359382337759e-01
9.773000431496246421e+00 2.187561355162445931e-01
9.767690018053594159e+00 1.914923274799754382e-01
9.765349999388474700e+00 1.691816954718754484e-01
9.751998833875166639e+00 1.887894760957319062e-01
9.755079389299281090e+00 2.056686905936328247e-01
9.775584726251123513e+00 2.019904495668377042e-01
9.744812274052188528e+00 2.019897066152303855e-01
9.770989117814053770e+00 1.893154253591243785e-01
9.794970530935035669e+00 1.720322504631126570e-01
9.782927738447096289e+00 2.026560591713000570e-01
9.764082478031079759e+00 1.894103592847590500e-01
9.750361311476350323e+00 2.000853013192578356e-01
9.727718701875540219e+00 1.826469047239168420e-01
9.745059684306387027e+00 1.927204222654901877e-01
9.747603493901056737e+00 2.047172022777732636e-01
9.767712204051301583e+00 1.884723889353467352e-01
9.749414754850512566e+00 2.112646954684858080e-01
9.751944261188263852e+00 1.997962818452714284e-01
9.748523823595846238e+00 1.882264566697163244e-01
9.757249329229658485e+00 1.923361378057189541e-01
9.781638782124307596e+00 2.025543670002624974e-01
9.757695103042198781e+00 2.134049481388039793e-01
9.751867159393013296e+00 1.945979888173639538e-01
9.776757249206276867e+00 1.970386991372737040e-01
9.760625082871001723e+00 1.950932387652248856e-01
9.747991254432887942e+00 2.004486789803961166e-01
9.773650993585633273e+00 2.203845240744978784e-01
9.740507628364067472e+00 2.085365976475628547e-01
9.753564370035597619e+00 2.132014123479265555e-01
9.770545492345275918e+00 2.204835003863241105e-01
9.769543359737012267e+00 2.227959815783275288e-01
9.760241956796059881e+00 2.283674236258286250e-01
9.737954957480607021e+00 2.277292746877357110e-01
9.748593065226474508e+00 2.270651810951729854e-01
9.757710028548839176e+00 2.135244345147240264e-01
9.740666987388056697e+00 2.156422740604059252e-01
9.752573492105657493e+00 2.243549298470194353e-01
9.739462829777766117e+00 2.282880436122816381e-01
9.762903570948662235e+00 2.323232985729908606e-01
9.745222817774102708e+00 2.221051812124216762e-01
9.773190146792051891e+00 2.298018678936464554e-01
9.719266136343877704e+00 2.371295415643972504e-01
9.721607515570058311e+00 2.247174827945101760e-01
9.728145900558830661e+00 2.325471890902179317e-01
9.714658779301778679e+00 2.300900887694891650e-01
9.744507510359358804e+00 2.378725541935950150e-01
9.730748927715067609e+00 2.308823462705183460e-01
9.729321616624961422e+00 2.340127139330941686e-01
9.750280178458698543e+00 2.302312815822656344e-01
9.721520096744750816e+00 2.425833835414232253e-01
9.739247809956115276e+00 2.396103418160550336e-01
9.715641865565839197e+00 2.364215873194941420e-01
9.740088354930248826e+00 2.373812738115854692e-01
9.751986367002688283e+00 2.383888522325527948e-01
9.733643393630625695e+00 2.493181547116807839e-01
9.753845213324074948e+00 2.710775086618000818e-01
9.726718289977128507e+00 2.477201664153078631e-01
9.763477245638060964e+00 2.497181740573540254e-01
9.755250374298107374e+00 2.446502224179558649e-01
9.765853752979275271e+00 2.669341738280673337e-01
9.748558769285157410e+00 2.681257688874267298e-01
9.766283475781779799e+00 2.616546518556354117e-01
9.754232440605173693e+00 2.596216517034112270e-01
9.766827616974817161e+00 2.652420249960977250e-01
9.765661747845159724e+00 2.694982591238600511e-01
9.764422652489535892e+00 2.721972401603737768e-01
9.763018939911820127e+00 2.628145841113466719e-01
9.748315474103094402e+00 2.744134931227570906e-01
9.767158084669455675e+00 2.885604944081820999e-01
9.761274993198066241e+00 2.920565549959923679e-01
9.782371873171365806e+00 2.759242084542614659e-01
9.761197453319191197e+00 2.806278149541770461e-01
9.777539180809679209e+00 2.944786751738030506e-01
9.756896805940755257e+00 3.037102222353068592e-01
9.756614070761241209e+00 3.184501531409710817e-01
9.771188168032235666e+00 2.959363805735540365e-01
9.786570282302353263e+00 3.036442321217191487e-01
9.763903814049990970e+00 3.088285402884011766e-01
9.746761287372915916e+00 3.180283133649394189e-01
9.764334622055878654e+00 3.144606310460958953e-01
9.754123088542431930e+00 3.163432810914689752e-01
9.776945810433696593e+00 3.155585155689483168e-01
9.776456858799095428e+00 3.232950864023125259e-01
9.782346025832767467e+00 3.366409098281936130e-01
9.789709019749899710e+00 3.386948386905277442e-01
9.771003841826109593e+00 3.309605447491836272e-01
9.778025968791359546e+00 3.398600681716631988e-01
9.772394672009452776e+00 3.540276226583821129e-01
9.786838995330940705e+00 3.309407305626322904e-01
9.786763834807519657e+00 3.520337845597911741e-01
9.805553773944609475e+00 3.558823761079444870e-01
9.779064602256660521e+00 3.526595285029245908e-01
9.780682614045216994e+00 3.696789933731386979e-01
9.787937263430180224e+00 3.687617917792259670e-01
9.792543131537161827e+00 3.773332237327539085e-01
9.785271358813540488e+00 3.660601680175276096e-01
9.787553620820919065e+00 3.767756436110345497e-01
9.800434747968749249e+00 3.784871694372331508e-01
9.823843246530280737e+00 3.925465506603224020e-01
9.815977178587413476e+00 3.870247624899235683e-01
9.813482453862890864e+00 4.099279886393293326e-01
9.818120378019591143e+00 4.061262715797383516e-01
9.822643599097748535e+00 4.186977789296632002e-01
9.807494753592118641e+00 4.144718642915507512e-01
9.822718420755919055e+00 4.183230699911754114e-01
9.816522163646432375e+00 4.347240748235544627e-01
9.821420045664739362e+00 4.362725966186711268e-01
9.807260443845230213e+00 4.365796899878642279e-01
9.796086843786124376e+00 4.261503553735804251e-01
9.802929445569487754e+00 4.523584245470101961e-01
9.768018885747688174e+00 4.487019392691805608e-01
9.782540606949618578e+00 4.510086820582736022e-01
9.771182523790677976e+00 4.560098043670668400e-01
9.779606890740828007e+00 4.745927064326216360e-01
9.775473177769896438e+00 4.729954499821378833e-01
9.763383937806525026e+00 4.807960700363656525e-01
9.777217259568244501e+00 4.831530079982120363e-01
9.788766134602996161e+00 5.068374960928133666e-01
9.786471488216440306e+00 4.995450734457687059e-01
9.817356280084757358e+00 5.090338632829395360e-01
9.781485932829101060e+00 5.071896982236289153e-01
9.795505820776881478e+00 5.115628950178960910e-01
9.766623266717918028e+00 5.321599296748634744e-01
9.768616193849986473e+00 5.396079401267918074e-01
9.769096524241092538e+00 5.606015665989033669e-01
9.767650013819803689e+00 5.504123022366405049e-01
9.776249180506184189e+00 5.635521785859518573e-01
9.770979703570057850e+00 5.640850972242071881e-01
9.782663780880145765e+00 5.734650824578607642e-01
9.777133808835580808e+00 5.914592033205998689e-01
9.768585850337011323e+00 6.012368394283877926e-01
9.784040422652344304e+00 5.935917704379142235e-01
9.780305005088692383e+00 6.255585293273070446e-01
9.784559145155768078e+00 6.241007628521837436e-01
9.785653234006682410e+00 6.258607095785859720e-01
9.790293731500538499e+00 6.347254784525127036e-01
9.776771438315227769e+00 6.544420443798468767e-01
9.776865418427213683e+00 6.653769076241125013e-01
9.760507866627957441e+00 6.730067574948870313e-01
9.774366938792743653e+00 6.864234497868327844e-01
9.776332748740632184e+00 6.874304440714900100e-01
9.783058020592839910e+00 7.057406643138095514e-01
9.778006152893281566e+00 7.208390194933905759e-01
9.783676547847848681e+00 7.320582554597342417e-01
9.799964140020668069e+00 7.401691273700767848e-01
9.820809865374997116e+00 7.608217296993390333e-01
9.802993178776016947e+00 7.623761469921479517e-01
9.802518037199497769e+00 7.831054325211836975e-01
9.802660031783329231e+00 7.936086545582992091e-01
9.779695822815122952e+00 8.023676381502984345e-01
9.799364050857581887e+00 8.068884495634993659e-01
9.801979599597173021e+00 8.214514374653393292e-01
9.857332151317319102e+00 8.394000922611287718e-01
9.805292571199993645e+00 8.564410683177420269e-01
9.798037704091864697e+00 8.769315723414051744e-01
9.795320459535780344e+00 8.924599590498232260e-01
9.803364604593268083e+00 9.116760796613211371e-01
9.793516542655202883e+00 9.206183162269612197e-01
9.803652820869933393e+00 9.395827638194136355e-01
9.812583197189244544e+00 9.648854385350948970e-01
9.801830938023970319e+00 9.821174146470519339e-01
9.772491889473149840e+00 9.940474342209072445e-01
9.808226595759352406e+00 1.014352702578462884e+00
9.826038506843081777e+00 1.051803343135433666e+00
9.776310933424184668e+00 1.049216146706765329e+00
9.772090261132639455e+00 1.060641165189669000e+00
9.800026019642777086e+00 1.087035050412691994e+00
9.767404461935271343e+00 1.088067129660955645e+00
9.760335426520596158e+00 1.118652443297916133e+00
9.793791532991404480e+00 1.142667300571381883e+00
9.796035802727548258e+00 1.178190709452400453e+00
9.798793356514078567e+00 1.185186703050053802e+00
9.800344707078759043e+00 1.205715223184591789e+00
9.788329291997884596e+00 1.227274974020018172e+00
9.770578622293438542e+00 1.255192822827430055e+00
9.741025447889278155e+00 1.265612311952624358e+00
9.769271944172327693e+00 1.299074800232262294e+00
9.748568923717842338e+00 1.315627304337617431e+00
9.740384510077202407e+00 1.344048803939374759e+00
9.719814441084398737e+00 1.357744401930807143e+00
9.740602743444833678e+00 1.382275217208091211e+00
9.727891864360342922e+00 1.412440952260009874e+00
9.726477065481596185e+00 1.442430562902480506e+00
9.722383064177144263e+00 1.470004142579652617e+00
9.702735339947931692e+00 1.492055351240728189e+00
9.718050504187463190e+00 1.538055458330767067e+00
9.716972058105886489e+00 1.573993434981074691e+00
9.683049639500948658e+00 1.602023918838678007e+00
9.661031004632782526e+00 1.622973549603075272e+00
9.704767018139637713e+00 1.655817135252112937e+00
9.676212031881755493e+00 1.693023844060761007e+00
9.693021955327621342e+00 1.720500578411213732e+00
9.658903995361754369e+00 1.756969829062931421e+00
9.680325222387288875e+00 1.823362991405701905e+00
9.674635446475521761e+00 1.848471293416825700e+00
9.649005541561280097e+00 1.871157899576243011e+00
9.598109039845699186e+00 1.911175773602791450e+00
9.604323285333597582e+00 1.945545859220620510e+00
9.603715248365883639e+00 1.989499866011366302e+00
9.580974529591712141e+00 2.022229460847932536e+00
