4.867107060360813427e-03 -4.464492100859450809e-04
4.444535645836677866e-03 5.927275800150469832e-04
4.515323934484161833e-03 -7.320702833973870760e-04
4.062769192046695316e-03 4.690850810865225865e-04
4.398107658453318837e-03 6.199573006851146926e-04
3.317016506490393785e-03 3.105050043176820450e-04
4.203105447079354823e-03 -4.778981579511060629e-04
3.796561153859692728e-03 4.138607141389596088e-04
4.333338678052881150e-03 -3.395684637007192596e-04
5.066280113315006078e-03 5.339937849643179059e-04
4.844745228996306420e-03 -3.255946247814485960e-04
4.950439865767212316e-03 1.166895014170385393e-04
5.565649044498879178e-03 5.528290643840618997e-04
4.693204022388249540e-03 3.792995650930359379e-04
4.649211322743561359e-03 2.849801518503817686e-04
4.869545064205893503e-03 -6.035792798668143368e-05
5.773906068994264819e-03 1.271170405485650713e-04
5.787312593592780149e-03 -5.319550556863763798e-04
4.335587199455230231e-03 9.072091379722839553e-04
4.471616424710411243e-03 1.331005410826565814e-03
4.542581073955015251e-03 2.085917643367515742e-04
5.082617146348795273e-03 9.567788666896970403e-05
5.652597546131391502e-03 -4.449766021750567024e-04
3.078458619224863288e-03 -7.324820141764495224e-04
4.467447203647082095e-03 -8.671367600402140469e-04
5.612254801333290202e-03 4.013878026335284451e-05
5.870445155740571658e-03 -4.723520309483398449e-05
4.197371666427955443e-03 8.222252219024730633e-04
4.827199416238938182e-03 3.520978530264954687e-04
4.304527249625929135e-03 -4.781987262243442153e-04
4.101561000729231875e-03 -4.812648733245832424e-04
4.946307762533764044e-03 3.524870793115235097e-04
4.679473053381475421e-03 -6.431488153645684679e-04
3.544123323497037469e-03 1.673733254173132522e-04
4.174333680594173590e-03 2.706817117162412726e-04
4.716642377048593793e-03 9.015372283211328316e-04
5.290372846233056502e-03 3.781548924388168685e-04
5.673872627984240941e-03 7.761474878194502339e-05
4.730243380118940959e-03 1.261343972101604781e-03
5.712879898377908224e-03 1.233495976898327504e-05
5.585020983863712291e-03 -7.898021649815949391e-04
4.362752508777329417e-03 -2.659835043327047938e-04
5.293984516763961326e-03 6.270807613927214608e-04
4.216614239085063852e-03 5.892060469865393300e-04
5.182122797316206925e-03 4.523105689977095019e-04
4.694148663633061248e-03 -7.688067974444533778e-05
4.855954056788118478e-03 -1.918273131695343774e-04
4.793294433639586072e-03 3.376243317327649201e-04
4.148228523637477461e-03 1.805267905461120734e-03
5.728561360157125547e-03 -5.133170874665789066e-04
4.732904023873148701e-03 2.987188377725404770e-04
5.374627823719623637e-03 4.102749647225164675e-04
3.296171547527475265e-03 -8.432123345106245799e-04
4.681885990172698388e-03 1.928746563625077445e-04
4.880234970720326824e-03 1.138956108619934007e-03
4.798110551801920524e-03 1.740050817921651345e-03
3.730965003641530369e-03 -4.500865328234847015e-04
5.206674959330953763e-03 6.885002824072345177e-04
4.440805015099043469e-03 1.687139312042033532e-03
5.460921131832108255e-03 5.758732351842392645e-05
3.896756060085603945e-03 1.147863035258690117e-03
5.388104628467407786e-03 -2.656998801735276409e-04
4.271914503949009179e-03 3.647453643255576562e-04
4.793870931856039803e-03 -3.515488628402624847e-04
5.313102831259883946e-03 -3.819291101021878194e-04
5.414886785319162829e-03 3.559118510403759626e-04
5.512353785317553392e-03 2.863656059316490535e-04
4.152918024593149800e-03 9.608789438283133540e-05
4.197281047292444021e-03 6.299155236187620535e-04
5.226340935905551301e-03 2.102569047789391897e-04
5.200949987892966066e-03 5.244816931068165509e-04
5.315500231461829650e-03 1.138708513184962835e-03
5.735598905159806221e-03 7.514419036600735726e-04
3.379912918767436804e-03 -1.042073606681673156e-04
5.349469319653035737e-03 -1.993370934672599251e-04
4.427055894937760236e-03 -9.957207677860570229e-04
5.280520273016700745e-03 5.112145235773765109e-04
3.373153909202401129e-03 -5.250840137510558387e-04
5.479130467556155709e-03 8.782214310566581342e-04
5.423794155323862290e-03 -4.415148043556979752e-05
4.984319462932964608e-03 -5.394364683031322924e-04
4.645886513958609292e-03 1.020318199352523297e-03
3.610545462911250725e-03 1.030485980852602519e-03
5.248243939132295026e-03 5.665473721758111474e-04
5.147390675773165676e-03 8.841247275088439869e-04
4.739002533455025784e-03 -7.972342544219188464e-06
4.097246650299062563e-03 -1.515064449737123459e-04
3.783249936398054829e-03 2.057288584242591045e-04
4.726696293365492338e-03 -3.048382160581316561e-04
4.310690467475448810e-03 3.266075024508958567e-04
4.084514572258159289e-03 1.822939162183759461e-04
4.379688376244418070e-03 4.783673416244074153e-05
4.628134955190539405e-03 5.563304669930971410e-04
5.679471881016091850e-03 1.787408828644351149e-03
4.989431438306071026e-03 7.663700967839831135e-04
3.404284166147970424e-03 7.671057265827543794e-04
3.471136832909198309e-03 3.378424004838395407e-04
5.265982128595973061e-03 1.716770094611698091e-03
5.377761521642692583e-03 4.917119759714233974e-04
4.632151540989582275e-03 1.405563270096336600e-04
5.295424680593745388e-03 7.568513086026406288e-04
4.208329442416675580e-03 -8.562537857062036198e-04
4.507608888652326826e-03 2.063804006212268359e-03
4.312952764625926048e-03 4.522477455387778709e-04
5.641991243785299086e-03 6.307067672913552105e-04
5.095456185920201053e-03 1.514266881537778111e-03
4.941127179075768122e-03 4.041861891702545027e-04
4.567166020302551414e-03 9.428480651513079965e-04
5.175940645188204479e-03 1.344741685573238579e-03
4.430798270639344817e-03 1.316672027611687202e-04
4.430929437163267509e-03 1.786299427386426253e-03
4.273481148523401892e-03 1.364668467690236236e-03
4.878748238595392167e-03 1.529926796794343858e-04
6.557368526661735107e-03 2.101624904434818124e-03
4.329300898461968354e-03 2.639814741566468698e-03
3.913091605846100336e-03 1.877930089779924474e-03
5.929618819046711745e-03 1.726470369615938031e-03
5.096672434749704994e-03 2.275043184834835402e-03
5.028110754825825673e-03 1.817182892807585326e-03
5.263699223652714559e-03 3.445515579921458850e-04
5.473475482078076458e-03 1.440685575183415579e-03
4.343727755084183899e-03 1.812820329026030523e-03
4.707864886318471713e-03 1.642021070642967623e-03
4.669933135776324455e-03 1.144416658115955925e-03
5.086242322537821471e-03 1.139847453982442606e-03
4.471941979111529811e-03 1.236131443614257863e-03
4.973859489207256915e-03 2.595655837648173144e-03
5.272228118679567373e-03 3.021982858671654060e-03
4.856825318111070849e-03 1.840348608688656884e-03
4.307013464508524687e-03 1.128566927508477908e-03
5.155039483216203311e-03 7.151169587761463820e-04
5.083098653358244547e-03 2.301072816285809706e-03
5.451414967546974744e-03 2.280237564907035275e-03
3.169734784144390485e-03 1.916206805572955507e-03
5.364963092658506238e-03 1.569050449661273279e-03
4.668879610606461138e-03 1.863167370682743173e-03
4.492865731688410781e-03 1.046104596348515449e-03
4.551397567307384658e-03 1.352430938819905231e-03
3.136888299984073175e-03 1.781763046058964812e-03
4.383281857832376470e-03 1.318502629415627733e-03
5.594574927568889480e-03 2.892305783156390395e-03
3.916377795675884954e-03 1.143562904437378600e-03
5.995543770884324136e-03 2.584610542151474961e-03
5.241707200923866050e-03 2.819319064498490134e-03
4.814465783557089415e-03 2.164081534343871658e-03
5.370152250131776835e-03 2.333780363134686526e-03
4.534082271898484673e-03 2.724877564955591538e-03
5.079755301295518950e-03 2.494657460452306009e-03
4.490547810134392845e-03 3.077231542038434253e-03
5.077238962661834339e-03 3.058184497368949661e-03
5.643846889088142624e-03 3.626183086691213506e-03
4.204102278282297739e-03 3.032173153093173975e-03
5.359450816850960114e-03 2.915769185508882040e-03
6.316625084850615440e-03 3.246831772007113988e-03
5.579539079516046204e-03 2.439975283055934637e-03
4.644539593156777647e-03 2.054603419990224788e-03
5.137868372070183987e-03 2.827581263383796128e-03
4.686242993584454480e-03 4.127077220975472124e-03
5.859394384023587643e-03 3.616675410979745212e-03
5.285512813889451517e-03 4.182426706008780457e-03
5.382988455042578280e-03 4.617437790277239759e-03
4.110432239976869774e-03 3.845000623035566174e-03
5.617793723518431197e-03 3.702859342244091759e-03
5.775587052731313668e-03 3.094160485532385443e-03
5.153698213834216786e-03 3.048927841201171107e-03
5.161429416755840272e-03 3.266304416860438351e-03
5.557112166561119400e-03 3.477645599302924689e-03
5.824837760447039783e-03 4.359699704518075689e-03
5.599904657385106586e-03 4.408707489093678308e-03
4.736452951298933227e-03 4.289365022152784659e-03
4.347599605655512456e-03 4.038657456533298329e-03
5.276474980016785353e-03 4.320308838955980342e-03
4.869646477752585800e-03 4.528121663576809355e-03
4.746131979558504410e-03 4.644695824795722940e-03
6.053057006704716352e-03 5.279920742003839894e-03
5.445786471493215333e-03 4.892089676127840854e-03
5.194120356064388898e-03 3.872834249193708115e-03
6.062723974279391435e-03 5.069228946889727493e-03
5.617283643260605197e-03 5.315271359444812341e-03
6.232787386856132247e-03 5.284058818564882007e-03
6.178300286854331372e-03 5.283229604104000728e-03
5.665697764065190378e-03 5.461498416481041888e-03
5.238599622019875744e-03 5.832238926342491435e-03
6.246017363604184497e-03 5.145348119220818223e-03
4.989504003694598955e-03 4.916210187354603037e-03
4.614697355699761382e-03 6.216195456131383412e-03
6.001562771853484121e-03 4.558118659224359021e-03
5.413727997939578318e-03 6.164765309402316269e-03
4.953694824764163888e-03 6.901115398053327479e-03
4.964555928488213234e-03 7.054588956157352604e-03
5.926109377682488299e-03 5.567025541872008820e-03
5.209782895787010149e-03 6.041884733738300990e-03
5.366947647215979111e-03 6.450196013204612805e-03
5.849068296134732857e-03 6.160326895452619862e-03
5.860354531551740034e-03 7.081223425730049509e-03
5.441790199834633385e-03 7.242664607099081296e-03
6.316531908202194234e-03 6.313858680645565401e-03
6.059587091917756352e-03 7.629621350343027651e-03
5.271091941435272071e-03 7.858579778603734523e-03
5.292917139673390323e-03 6.891084867609454344e-03
6.024233666981465216e-03 8.178132226512086281e-03
6.174549974487735828e-03 8.203128905142572508e-03
5.658783230723446120e-03 8.136457918242656975e-03
5.773582838380905691e-03 7.850479482879047996e-03
5.780090146284458386e-03 8.610741382844002909e-03
5.713432999748396107e-03 8.037729768869853603e-03
5.880851951648055805e-03 8.900654365892926231e-03
7.246178762913117917e-03 8.772430225473306156e-03
5.903059449758253641e-03 9.202259312173319272e-03
6.202216002533414430e-03 9.142353356871872963e-03
6.560612307822691336e-03 9.803827998662395168e-03
6.419445961821004971e-03 9.684210363188276716e-03
6.597853164271186809e-03 9.774213626004149905e-03
6.832356688010174373e-03 1.018944492259837853e-02
6.128331168243919547e-03 1.011150682942450751e-02
6.558655228071652750e-03 1.151742021099745085e-02
6.003886580280472923e-03 1.068750166633397267e-02
6.640535460912028523e-03 1.119927207393254555e-02
6.284937075690948290e-03 1.166599900193983699e-02
6.429693695014314543e-03 1.090874050104649606e-02
6.677967895206450566e-03 1.191654865247876102e-02
6.106737426653827822e-03 1.223872804831305922e-02
5.910025925037083565e-03 1.187591928591710810e-02
6.721899125409586291e-03 1.268587159124148073e-02
6.487995683859156676e-03 1.248753971653953493e-02
6.158558645071675504e-03 1.278345945984412160e-02
6.828066093768682746e-03 1.336769689289064172e-02
6.541618704566812791e-03 1.331967672433506146e-02
6.586899018522033092e-03 1.407432604249450950e-02
6.568530470027832135e-03 1.424038642236514531e-02
6.176193740723475573e-03 1.499587127591315086e-02
6.727849865034617877e-03 1.480203237860898413e-02
6.779430697965988309e-03 1.539172625515279440e-02
6.726152790114108687e-03 1.587983929410618014e-02
7.318965676371607353e-03 1.574888280232729712e-02
7.344406241637044946e-03 1.657950717806848037e-02
6.759335511437785347e-03 1.694902945600229235e-02
6.769591909188305522e-03 1.622842721212285066e-02
7.146933698469890711e-03 1.744467021173985721e-02
6.888054294631272730e-03 1.737358502645968208e-02
7.278705864405161062e-03 1.759949839657293930e-02
6.910252031437063430e-03 1.857873708103437160e-02
7.387459202268901147e-03 1.893153836883275029e-02
7.179852832556867653e-03 1.924317099485313431e-02
7.438848542116804213e-03 1.994268655266015489e-02
7.403422628699529717e-03 2.004380978254318921e-02
7.722316118256290080e-03 2.069726069845239172e-02
7.456860920867217600e-03 2.066025100745497861e-02
7.768867249111480189e-03 2.160397681024477448e-02
7.740065793024710102e-03 2.163648798946746221e-02
7.583609986246866996e-03 2.226049236636189546e-02
7.589618689567297592e-03 2.273822841585951965e-02
7.350801478462807258e-03 2.361302194323706971e-02
7.813896813436894961e-03 2.377059706514102200e-02
7.603666909195777937e-03 2.509128061067721419e-02
8.107868700505426948e-03 2.489888290146866426e-02
7.981794920019845418e-03 2.591578021546420141e-02
7.848533812718940308e-03 2.613356413106261711e-02
8.115613422423142292e-03 2.670351508793003537e-02
7.942798223057169135e-03 2.741015444029097983e-02
8.479885077226618703e-03 2.808599283370690272e-02
7.856913157149385610e-03 2.831598379134354221e-02
8.361308094071390890e-03 2.933979273245976988e-02
8.005212522493641500e-03 2.974251406952209756e-02
7.748042897248264525e-03 3.045232449184858900e-02
8.330686632893246832e-03 3.129657176099265997e-02
8.541785282576343924e-03 3.158505696754940889e-02
8.036437441564013226e-03 3.240363594535754233e-02
8.617387376414127956e-03 3.357994551672361522e-02
8.686808606975418567e-03 3.358449006673056708e-02
9.114105840165727737e-03 3.475401369629111531e-02
8.982015811939672925e-03 3.476297555992329674e-02
8.954327688020293288e-03 3.596983020987670060e-02
8.944919669053690015e-03 3.724310267409817327e-02
8.631540433606289808e-03 3.813502080774038017e-02
8.838797688598866095e-03 3.844349052625285063e-02
9.155268906101968890e-03 3.945457473130632026e-02
9.237598336253500381e-03 4.051527953074840482e-02
9.130556876368841820e-03 4.125549526573100978e-02
9.066113708513562700e-03 4.207042128003110615e-02
9.759832297227379397e-03 4.262094214498941130e-02
9.486614276404769716e-03 4.396003940810291888e-02
9.537105746975756138e-03 4.497408608424771637e-02
9.936287780273283729e-03 4.627813364866682766e-02
1.018864998266865926e-02 4.710247839226650718e-02
1.001537430500686401e-02 4.834868607437098342e-02
9.920598863892500160e-03 4.906931041142784111e-02
1.026535847306822916e-02 5.039610740906697028e-02
1.019557346642434477e-02 5.162387597359229668e-02
1.032981891427255106e-02 5.231415326783520059e-02
1.048953775709045300e-02 5.331631955302859605e-02
1.050967190471661233e-02 5.486136711030575180e-02
1.094992652955538437e-02 5.574934355542137537e-02
1.052088563480772093e-02 5.729774792959907437e-02
1.073091958105963639e-02 5.846220386525671775e-02
1.090606628130936367e-02 5.963179223257007028e-02
1.120337162476092024e-02 6.091598529483784052e-02
1.097443231219525153e-02 6.264948637706599377e-02
1.168747940062203269e-02 6.425457437810233596e-02
1.158643147948734686e-02 6.530521520618604026e-02
1.182033763639817742e-02 6.657019305008710086e-02
1.178470797812796594e-02 6.825427513296566939e-02
1.217537401435503375e-02 6.983457870930108446e-02
1.205158076333818530e-02 7.101492494006682310e-02
1.258245338487059932e-02 7.278547441502021542e-02
1.253847782862837525e-02 7.452310365006502291e-02
1.253618037938341104e-02 7.666045562181361683e-02
1.308713756604929293e-02 7.779454614768768761e-02
1.275423351506497355e-02 7.954623734345050989e-02
1.346246678836784949e-02 8.113580894749468364e-02
1.345319105483890054e-02 8.350334718465840522e-02
1.342891666252304418e-02 8.496074928675662052e-02
1.362733332244639439e-02 8.703542666445591991e-02
1.380918325812123884e-02 8.887669694975375290e-02
1.400681168708746427e-02 9.123731476384563943e-02
1.457028770248877496e-02 9.286145875972573460e-02
1.459664038327078243e-02 9.491949965179237447e-02
1.499641939670889879e-02 9.711993720391295937e-02
1.478565881705402353e-02 9.911699198636846064e-02
1.565533748110340892e-02 1.013469356227299917e-01
1.537164700151754174e-02 1.036511982335373283e-01
1.554903722088941433e-02 1.056633390357493429e-01
1.589293673849973693e-02 1.082216604680806687e-01
1.644510255060829471e-02 1.110236095577945142e-01
1.619600642423971171e-02 1.132844452544962688e-01
1.702936764117494658e-02 1.154099463559999927e-01
1.696254560421071519e-02 1.187436257215406105e-01
1.688872763444669925e-02 1.211291435712152781e-01
1.758418299312516572e-02 1.240678292619902950e-01
1.761431517223644924e-02 1.262067790642878717e-01
1.796669217045092359e-02 1.293721470153705866e-01
1.822880649476421935e-02 1.316844408010388878e-01
1.854876658622885838e-02 1.351009784397853852e-01
1.930789183820390276e-02 1.382343374493924804e-01
1.944953839981811497e-02 1.412823038657245733e-01
1.962547381020535164e-02 1.449008400067459956e-01
1.973386960252575609e-02 1.481173812284488078e-01
2.062974619256521813e-02 1.511547869759837792e-01
2.032879767690367809e-02 1.544685840089417284e-01
2.124424186421316682e-02 1.575643301592166701e-01
2.148184365109999383e-02 1.613131326732328841e-01
2.184173381597505348e-02 1.646793306524634848e-01
2.229153776616156490e-02 1.685889287095656552e-01
2.299225709270702467e-02 1.724415129647760836e-01
2.328531045423900062e-02 1.764644983155735924e-01
2.350893548948771936e-02 1.807937506899127134e-01
2.367892647055605884e-02 1.843565914069492384e-01
2.456466337613776030e-02 1.883760133141592630e-01
2.467964007868682016e-02 1.924876948709322577e-01
2.560765184670647093e-02 1.959619128460134418e-01
2.628232152355130039e-02 2.019674273857398061e-01
2.621971584270196484e-02 2.051753682080192653e-01
2.628140652373866723e-02 2.104571719536994512e-01
2.723765094750748780e-02 2.152330538315202768e-01
2.805200642513236073e-02 2.206834199287374398e-01
2.820363100763746689e-02 2.257721975113705093e-01
2.911760761318393786e-02 2.306746643650304240e-01
2.986626194723281114e-02 2.354713696953291413e-01
3.028024215510232917e-02 2.406317215157700584e-01
3.137998484768050184e-02 2.456275737075999110e-01
3.198413157771614473e-02 2.517506899563998757e-01
3.216718408004722723e-02 2.560520356473601211e-01
3.316509809357525568e-02 2.621897830939540763e-01
3.435909737143912762e-02 2.686514706522806217e-01
3.453923373375726580e-02 2.751394940893320817e-01
3.557941152144005609e-02 2.820560540158985607e-01
3.602876248645963536e-02 2.881792071570418168e-01
3.713722539450855370e-02 2.941899522127161548e-01
3.749079759592550964e-02 3.008019954397033180e-01
3.851516437519085512e-02 3.065903557813148828e-01
3.979328485415217775e-02 3.147111143451207793e-01
4.055228853379910792e-02 3.202962228431709968e-01
4.124012351068964688e-02 3.282077229560770304e-01
4.309685702972188004e-02 3.360440699275555332e-01
4.375539391493714347e-02 3.435972213655609231e-01
4.444849868224781675e-02 3.519257532486614881e-01
4.540167583095999077e-02 3.594262351092345487e-01
4.767565510795335887e-02 3.675483996109056850e-01
4.787288021284555328e-02 3.751568929264526009e-01
4.903601961849034935e-02 3.829994574148012365e-01
5.057454431113637267e-02 3.933884445724431522e-01
5.182305328647460879e-02 3.994944905338441155e-01
5.315478659504410675e-02 4.100351759468757185e-01
5.497617555299987718e-02 4.192573308940019117e-01
5.675114159032307315e-02 4.295621030731648360e-01
5.831766844011038176e-02 4.394615572706551676e-01
5.964277345804294694e-02 4.485633931417163378e-01
6.140084048943246497e-02 4.590171184744995525e-01
6.347121858816705264e-02 4.690103184232590761e-01
6.511745913232323824e-02 4.788116163584848484e-01
6.679971595931534500e-02 4.904989121128335849e-01
6.905611421760901592e-02 4.993760653425483587e-01
7.060597700500868823e-02 5.118087931171959593e-01
7.312182280812500046e-02 5.242679927641806792e-01
7.545691215751522407e-02 5.362163273498480320e-01
7.825135267982726017e-02 5.486673715105306881e-01
8.015730922681156556e-02 5.605315046791093936e-01
8.255243063494839550e-02 5.731490313454440377e-01
8.540585957124413596e-02 5.852202956806066281e-01
8.897597377242207062e-02 5.978993409521073943e-01
