-7.446883531795987082e-03 1.345583115107411472e-02
-6.995457083743909441e-03 1.366983859452136629e-02
-7.014848653333996889e-03 1.371207818495830122e-02
-6.533095227240531128e-03 1.365206549901913126e-02
-7.094139439532633554e-03 1.345775971742033464e-02
-7.050988705155558298e-03 1.352736569685651993e-02
-6.971770981729249507e-03 1.339335205621314251e-02
-6.730043826089584548e-03 1.365688697626377471e-02
-6.832529700771188853e-03 1.385621344468197270e-02
-6.941707843092094488e-03 1.352327424046109554e-02
-6.688424205242043084e-03 1.354394856028424271e-02
-6.874789825854429187e-03 1.369789464311204491e-02
-6.789653107221287932e-03 1.356972532618606030e-02
-6.844218393565177846e-03 1.339911915084032387e-02
-7.283043404406835605e-03 1.364371792972749950e-02
-6.722125310762995867e-03 1.350181921522527161e-02
-6.745824037623467800e-03 1.352019821531826038e-02
-6.564123634390949327e-03 1.382008103535028141e-02
-6.879674933051157723e-03 1.342417504039975645e-02
-6.967766780930661520e-03 1.365802049534615287e-02
-6.553808043470719588e-03 1.368003363011755479e-02
-6.715199441766055849e-03 1.342478315876228026e-02
-6.657938351227932552e-03 1.346067732308290667e-02
-6.989741503282497978e-03 1.314563937559371648e-02
-7.060501349545382499e-03 1.346203774759280151e-02
-6.730599458482345275e-03 1.338654775217464586e-02
-6.702140855980288914e-03 1.356573851800789085e-02
-6.901588130800424478e-03 1.322356291618949874e-02
-7.057784847266504458e-03 1.353171873007580003e-02
-6.753282566577351216e-03 1.352140693942364275e-02
-6.961597623170814354e-03 1.341396437017760603e-02
-7.156227299721829201e-03 1.313512649498868243e-02
-6.815236086094977191e-03 1.338438374977044681e-02
-6.741947898274223971e-03 1.329327881509271940e-02
-6.881685616335963401e-03 1.338714923528425312e-02
-6.730518918536174643e-03 1.340004481102234288e-02
-6.811297201063391642e-03 1.362337085315183660e-02
-7.091460680794484106e-03 1.341187648112382794e-02
-6.741461419213309707e-03 1.371600511937283093e-02
-6.916295869608840054e-03 1.317183642878654200e-02
-6.511489168192882010e-03 1.324299884086784819e-02
-6.891601518785595015e-03 1.340089799264091580e-02
-7.181164436934889608e-03 1.335943593068738069e-02
-6.714505333146356808e-03 1.335303066267309879e-02
-6.683750359074430367e-03 1.309934682319379914e-02
-6.559979416438781533e-03 1.329036019241507972e-02
-7.020693852913522520e-03 1.347502040515464322e-02
-7.051691181387664126e-03 1.328804470291468538e-02
-7.011833389127485744e-03 1.311371652856234069e-02
-7.190364545386445511e-03 1.311798477773833127e-02
-6.811514703324200379e-03 1.307888251832546936e-02
-6.821037397681303099e-03 1.304465172621471769e-02
-7.186245238184142507e-03 1.325499702328570770e-02
-6.745378641778751461e-03 1.323102611439376172e-02
-6.947159996826806488e-03 1.368733250652059627e-02
-7.154172206834101370e-03 1.336831949848464596e-02
-7.186317039010655175e-03 1.304565503429809883e-02
-7.054829743700568451e-03 1.305064928359511711e-02
-7.212226526296211006e-03 1.347829314725190568e-02
-7.244369810134699411e-03 1.313948436547315163e-02
-7.123199970264315270e-03 1.315549016324526858e-02
-7.185566190788346061e-03 1.336499052130461079e-02
-6.917423871409021131e-03 1.317978265923170494e-02
-6.835786207541213327e-03 1.333839806663017838e-02
-6.877328280177886360e-03 1.342605462655522414e-02
-7.012712462249709802e-03 1.313535854201402023e-02
-7.001582369012050201e-03 1.301520748374406129e-02
-7.050423034565326402e-03 1.326088602847639263e-02
-7.220963950010695492e-03 1.320657208027585863e-02
-7.374484431705057713e-03 1.313719542459613511e-02
-7.160422229072608592e-03 1.332246202044644681e-02
-7.129662605188008366e-03 1.306851808606596978e-02
-7.263981083997293579e-03 1.294144722833412420e-02
-7.239676433162338907e-03 1.322596164602861737e-02
-7.310225958550254852e-03 1.327554051596629460e-02
-7.190677160207440549e-03 1.320482581653224276e-02
-7.273138978615230690e-03 1.327880552442867353e-02
-7.300948653260297232e-03 1.322692287461768937e-02
-7.014762458818816181e-03 1.314047266644024874e-02
-7.009267755244978984e-03 1.314042002088774107e-02
-7.111413185667815780e-03 1.334135770148446067e-02
-7.088960702084971810e-03 1.305969987917610271e-02
-7.288371292959293195e-03 1.342805445356976338e-02
-6.806121424806464357e-03 1.334447967999687935e-02
-7.149604994468903435e-03 1.346684802460755212e-02
-7.379457586005837462e-03 1.302572576353446844e-02
-7.484908765159778606e-03 1.302161442236112777e-02
-7.300247931741071609e-03 1.341788226784904406e-02
-7.393605385714882919e-03 1.335525643548570243e-02
-7.369143744077506081e-03 1.336710439866192757e-02
-7.365581070390637280e-03 1.299033690004699169e-02
-7.091563368715223664e-03 1.331540737994768402e-02
-7.689781563409337981e-03 1.304790056035738839e-02
-7.504505840188383133e-03 1.345616441736391042e-02
-7.659842617468672586e-03 1.327301442885463548e-02
-7.125352291881341740e-03 1.334416599757394344e-02
-7.589856887680559126e-03 1.347793787853397186e-02
-7.757663223888493394e-03 1.328508446834729927e-02
-7.420123632413806909e-03 1.344063761072460637e-02
-7.485728112472063434e-03 1.319559109987914446e-02
-7.373477507338646597e-03 1.331397227203445950e-02
-7.289979082115254083e-03 1.352283132108074437e-02
-7.641063953570865520e-03 1.353336262013788392e-02
-7.463300902134607437e-03 1.342841973818158577e-02
-7.437941650643664811e-03 1.325295801350561894e-02
-7.622428236179347449e-03 1.364945556388505107e-02
-7.675515201915242280e-03 1.341270185551694805e-02
-7.509456791031843617e-03 1.336171657783997123e-02
-7.748102355875474689e-03 1.364680114352668019e-02
-7.708569636859539248e-03 1.353787037973742252e-02
-7.100892329908897217e-03 1.339114719796862321e-02
-7.432190867252466866e-03 1.370414856923453384e-02
-7.577653105514075942e-03 1.352621441692259362e-02
-7.597867339035961100e-03 1.377958509401553365e-02
-7.374730572624722293e-03 1.337162144369778531e-02
-7.632676197502143677e-03 1.346215861448999546e-02
-7.828152221644648495e-03 1.361094697205023074e-02
-8.002307047711439136e-03 1.337996786946089346e-02
-7.909517428370423792e-03 1.361648518751821212e-02
-7.640651076721576181e-03 1.363564785727735575e-02
-7.848928000511512515e-03 1.342754726608179870e-02
-7.268084089611040119e-03 1.399240442796159320e-02
-7.214867813311808334e-03 1.382083254707380110e-02
-7.483710065090118380e-03 1.380999664383927329e-02
-7.534439532072311971e-03 1.334074707753042655e-02
-7.747693251754859955e-03 1.394751595622176557e-02
-7.507968986706867534e-03 1.362431583545438765e-02
-7.649584384721941008e-03 1.367862660820719223e-02
-8.027495956982301506e-03 1.354580007912867951e-02
-7.418754058658131798e-03 1.388657869981214932e-02
-7.434584398814777367e-03 1.393068711415098443e-02
-7.698700830344749717e-03 1.382986223482952047e-02
-7.649705191827798137e-03 1.394334134417493307e-02
-7.601235253850513116e-03 1.397722436899185607e-02
-7.860812138701520763e-03 1.411777858716160849e-02
-7.680912818285585801e-03 1.411395319157537215e-02
-7.151432053942592681e-03 1.403815564190396062e-02
-7.257180113013698454e-03 1.407565470189249199e-02
-7.373670899087671204e-03 1.420833283998520005e-02
-7.436011727943645649e-03 1.442234128544338072e-02
-7.705668572813743206e-03 1.399227032137089453e-02
-7.496515480923103027e-03 1.416267385226559206e-02
-7.751817921081114414e-03 1.413749289768614047e-02
-7.949061536815339030e-03 1.404021423167648407e-02
-7.740541733685210764e-03 1.431753419094503217e-02
-7.546329587305488154e-03 1.455616331501401184e-02
-7.616537952872602484e-03 1.438637161680177134e-02
-7.714837253055289827e-03 1.444263505925763927e-02
-7.914722648231644481e-03 1.428460153689466508e-02
-7.778479891512760785e-03 1.403893329689966975e-02
-7.679696784562570905e-03 1.432377479938531581e-02
-7.730453538436540990e-03 1.424454003348966241e-02
-7.727091774159399948e-03 1.423109332308039078e-02
-8.142238894533570040e-03 1.452712988392746395e-02
-7.991331509782106240e-03 1.462013594602070560e-02
-7.738835926536622931e-03 1.441834944430986365e-02
-8.226791771605179715e-03 1.451692322029445384e-02
-7.742672499077656728e-03 1.481352613872756289e-02
-7.829759898788929071e-03 1.464539398663206732e-02
-7.610234574884178899e-03 1.484013088149960767e-02
-7.863809330500706046e-03 1.485119398152529198e-02
-7.966264178701835258e-03 1.497117335197408958e-02
-7.978681172853371861e-03 1.467349337085727991e-02
-7.980569658052117862e-03 1.504156241408622155e-02
-7.662846638592624160e-03 1.493588591098653565e-02
-7.944979242293209384e-03 1.506399013586322451e-02
-7.875942804112669171e-03 1.500725499281943542e-02
-8.380700538616073225e-03 1.491620939511408006e-02
-7.872583043607748327e-03 1.525872445163580469e-02
-7.618181817070102460e-03 1.532336630588356299e-02
-7.716312152205176758e-03 1.517566006221257591e-02
-7.736388828357454103e-03 1.511240054820332801e-02
-7.517765153234700140e-03 1.532698198036056350e-02
-7.748784448113846257e-03 1.540490611530695789e-02
-7.842592125593858890e-03 1.540112450284680974e-02
-7.740062109965169593e-03 1.564381012985695610e-02
-7.611457531740526035e-03 1.557172970231879630e-02
-7.356096021436159607e-03 1.554994238209093244e-02
-7.476454987654248749e-03 1.564521911558840531e-02
-7.560039451881072660e-03 1.570406663423828258e-02
-7.712436690275286180e-03 1.579306774373641017e-02
-7.726795842129534353e-03 1.580687429478373762e-02
-7.728489732047213491e-03 1.576566514576610567e-02
-7.566270088998135190e-03 1.604718688616666583e-02
-7.317689527859399037e-03 1.610335930472862540e-02
-7.437095774522210594e-03 1.605850976281795323e-02
-7.745503853058745974e-03 1.600720139663589295e-02
-7.870453460115006336e-03 1.609667820244471345e-02
-7.561549568053662143e-03 1.619104860981041699e-02
-7.746843215852236911e-03 1.635922162526062817e-02
-7.458069713606248208e-03 1.614752802262596834e-02
-7.817885914119315077e-03 1.628812582752713761e-02
-7.460877391614812934e-03 1.637689542856180652e-02
-7.578449864882479126e-03 1.656296034659548652e-02
-7.288838047945589080e-03 1.644321664744361963e-02
-7.399080511057655116e-03 1.668915073231515625e-02
-6.873747117773264595e-03 1.677623886915997897e-02
-7.540405150467475309e-03 1.665497951763178150e-02
-7.393287614032352864e-03 1.672546455078441005e-02
-7.015777282240947578e-03 1.687638916761451807e-02
-6.970537104429084044e-03 1.679532667771997667e-02
-7.022026634115261824e-03 1.695537064776352423e-02
-6.802179230225103949e-03 1.697916337611862433e-02
-6.818542975735295865e-03 1.701855190887193239e-02
-6.791546498380265744e-03 1.713413987345571363e-02
-6.712810441734882658e-03 1.698236130324815019e-02
-6.664430959567508618e-03 1.717273562419598457e-02
-6.929922923687146553e-03 1.724912211974020601e-02
-7.118373971982116209e-03 1.735923369841501154e-02
-6.804196218011315800e-03 1.740386289743143383e-02
-6.587638794019681429e-03 1.751960428504048192e-02
-6.250681463454998456e-03 1.753945611850825023e-02
-6.100106260030793009e-03 1.778836001377061271e-02
-6.058729298564465363e-03 1.767693645135530456e-02
-5.927436910482841367e-03 1.771206463533691461e-02
-6.039805210681267224e-03 1.778647681304644165e-02
-5.889466794651328566e-03 1.778357453783337150e-02
-6.192407418892721324e-03 1.784232837143535574e-02
-6.019900373286576900e-03 1.812745914263015623e-02
-5.879686701795156130e-03 1.814231834322044962e-02
-6.050301879980539074e-03 1.803720442953515857e-02
-5.870518608604653570e-03 1.818530326581573389e-02
-5.719259983182310714e-03 1.818363134725040769e-02
-5.915849347721206797e-03 1.825218290318817577e-02
-5.925004574459974589e-03 1.836833741929128072e-02
-5.698185143354841595e-03 1.844587477027413713e-02
-5.672128957744508072e-03 1.840389692212020603e-02
-5.577776157128400136e-03 1.836589334925128533e-02
-5.638028819714183473e-03 1.849412551381529601e-02
-5.778968170646051755e-03 1.838400476353065083e-02
-5.324369691981212585e-03 1.858118657999510703e-02
-5.722064368723572304e-03 1.864344205862072598e-02
-5.187982333758615200e-03 1.869743987718127526e-02
-5.299407698021537175e-03 1.872876193314647331e-02
-5.336777234294768496e-03 1.894530709338995353e-02
-5.034467510821680029e-03 1.901705479138898411e-02
-5.198506047653912374e-03 1.893832232236420873e-02
-4.807398703392092888e-03 1.896448548072188905e-02
-5.099621722601224011e-03 1.910895254093872633e-02
-4.934786218031898992e-03 1.926497707198184320e-02
-5.036979335300031252e-03 1.921212893032414257e-02
-4.506331146889920938e-03 1.927088455953710616e-02
-4.270944903678599441e-03 1.934159544080741103e-02
-4.450424447422753060e-03 1.936633990493534865e-02
-4.460577632161209088e-03 1.945638939670971471e-02
-4.466922360952371197e-03 1.952148344708119071e-02
-4.284808365820446177e-03 1.975700372697065943e-02
-4.193025505668973238e-03 1.970378217782941394e-02
-4.291763152280053673e-03 1.971590984042552799e-02
-4.096632892136868077e-03 1.982176315808416300e-02
-4.090822492563073697e-03 1.991928131215726927e-02
-3.841533291921528023e-03 1.997590440873792464e-02
-3.989802332518767487e-03 2.000145133325286970e-02
-3.865793836743525343e-03 2.003009106100966594e-02
-4.001174812603469459e-03 2.009907945485660610e-02
-4.088838253268541577e-03 2.009140801936925777e-02
-3.710682240878742169e-03 2.029174196487614629e-02
-3.979840962318561756e-03 2.020443623285309714e-02
-3.806201975454825363e-03 2.049003783376930621e-02
-3.897567666650707946e-03 2.051714335953859839e-02
-3.774051716866365369e-03 2.043351268197268061e-02
-3.780017477833631703e-03 2.056502194531404509e-02
-3.772787166289158760e-03 2.061710385183793820e-02
-3.629273143035119473e-03 2.071034127173964484e-02
-3.607459593094689172e-03 2.076879013932039428e-02
-3.595335606557851973e-03 2.074195995946145205e-02
-3.567793315303551156e-03 2.098240153080434961e-02
-3.300919388674643934e-03 2.099250813895233575e-02
-3.637217635562003080e-03 2.090146964412837455e-02
-3.412382272027873580e-03 2.100615552739189262e-02
-3.398567884704355689e-03 2.118496168246920136e-02
-3.134263324496535958e-03 2.122582442134341232e-02
-3.350893411437637186e-03 2.133657058713834404e-02
-2.959126626674309091e-03 2.138535665198168512e-02
-2.840838745789336581e-03 2.148242561500929987e-02
-2.811446536865521220e-03 2.156837448818327632e-02
-3.096133543620572647e-03 2.167292367933982764e-02
-2.833243286578675333e-03 2.185272574485488950e-02
-2.688451866529791186e-03 2.180104779765724282e-02
-2.615931096962475968e-03 2.205522941518189492e-02
-2.619130954189522430e-03 2.210394738542637016e-02
-2.686325994857426732e-03 2.218367020516495008e-02
-2.548832102257115977e-03 2.222202671777336047e-02
-2.538775726679535182e-03 2.233826992102029910e-02
-2.492393133657619560e-03 2.238735014268731019e-02
-2.459964116768833566e-03 2.256120834974973538e-02
-2.289356036009687189e-03 2.266859148440187113e-02
-2.527327874768255447e-03 2.264033130798926222e-02
-2.435194830677506281e-03 2.286260728552850369e-02
-2.251213278480040415e-03 2.292376640822397019e-02
-2.524830675289081207e-03 2.300070097821009171e-02
-2.395337411451351275e-03 2.302077456308578712e-02
-2.279443059867169302e-03 2.313961635494169583e-02
-2.022182825195433225e-03 2.329156332277510302e-02
-1.913557794341146871e-03 2.337041297283784513e-02
-1.899532218285088789e-03 2.353540981641241009e-02
-1.841018552739052266e-03 2.375709982746748716e-02
-1.720157209780930410e-03 2.378578132014162738e-02
-1.709083137925152983e-03 2.402117935745792798e-02
-1.698576262315251153e-03 2.413920308273799498e-02
-1.750439141653425653e-03 2.404951622897368718e-02
-1.602963082878064438e-03 2.426759974259319955e-02
-1.681989633780418825e-03 2.441919411252079994e-02
-1.596132045932062513e-03 2.455197351917439569e-02
-1.496308355320098878e-03 2.472300543269953174e-02
-1.423405563676216146e-03 2.485851177401701001e-02
-1.483305608844124289e-03 2.490497746030895243e-02
-1.305570147726456539e-03 2.511963321003776728e-02
-1.250995617068025338e-03 2.530489865241293546e-02
-1.097256485880554987e-03 2.534177740853352234e-02
-7.666313479257291742e-04 2.561739839709238284e-02
-7.387807805305042410e-04 2.575607021878218925e-02
-5.661808209661435944e-04 2.589792562373121471e-02
-5.890961993812435021e-04 2.601844719435626382e-02
-4.773041979093176328e-04 2.624344342129285301e-02
-4.223930627514057082e-04 2.640127769021737708e-02
-3.842974868434059993e-04 2.656412375947093257e-02
-3.522940532882888869e-04 2.677233967394672398e-02
-4.195798606434782531e-04 2.682465738811286651e-02
-3.799647631889580988e-04 2.707652970974018178e-02
-4.426816294717069355e-05 2.725387247759849738e-02
1.831830785921752933e-05 2.737944196499743008e-02
4.498656497376937995e-04 2.752087551906921489e-02
8.002974655596017733e-04 2.761413652882978298e-02
1.071452683410078826e-03 2.782236200301572288e-02
1.254924391284461573e-03 2.802576814037806285e-02
1.367809945961511809e-03 2.812071192498498753e-02
1.524684237399549346e-03 2.823403591655667538e-02
1.460381078716326388e-03 2.832175589701311363e-02
1.512298487374526181e-03 2.846962784466342683e-02
1.635451410184831419e-03 2.861020233216063358e-02
1.635323011834571242e-03 2.877791568359599345e-02
1.690649564928031236e-03 2.886125178667867108e-02
1.609953214891189166e-03 2.902508078018416551e-02
1.690447086097475807e-03 2.923845822942461661e-02
1.740091415429751614e-03 2.930826595435753398e-02
1.824362562768558479e-03 2.947016195611465439e-02
1.928017205187085173e-03 2.963107681810315391e-02
2.081117959105387074e-03 2.974306330342003923e-02
2.155505094421607086e-03 3.003078066578245345e-02
2.325549429220734148e-03 3.024581267397087256e-02
2.196068571816766485e-03 3.023699619947349537e-02
2.441641832034304772e-03 3.047750186697732039e-02
2.628640850348088181e-03 3.063697191303955958e-02
2.437318270574490714e-03 3.076255714953673309e-02
2.272872813208302346e-03 3.092818586837976433e-02
2.788416768852886030e-03 3.106975008134158639e-02
2.884239584320560934e-03 3.120333974620888295e-02
2.991344074691422265e-03 3.133210000318165794e-02
3.528569215410587434e-03 3.154916603016196669e-02
3.143335254219435139e-03 3.171754879243907088e-02
3.234927401127877297e-03 3.195045069282055616e-02
2.452037799085766100e-03 3.205764929253213796e-02
3.207861613617327308e-03 3.238769045099420402e-02
3.701618626668811730e-03 3.263881130460723201e-02
4.089991829430085664e-03 3.297984500409226194e-02
3.986440879513634614e-03 3.333607391217774385e-02
4.087403661676333386e-03 3.370062584856022003e-02
4.340911207797439227e-03 3.398441454565073738e-02
4.396786000812205088e-03 3.413200315060542500e-02
4.841604551505785704e-03 3.434026833711455867e-02
5.489069522090311154e-03 3.463647939660438602e-02
5.282726333270369376e-03 3.472727145679756211e-02
5.116128009280420351e-03 3.478597061176377098e-02
6.386256265139647961e-03 3.525103928550175209e-02
6.636619459909494020e-03 3.547075938952162083e-02
6.387473649745327269e-03 3.565003421449867982e-02
7.164959459072466931e-03 3.591604608247122438e-02
7.252522747022513254e-03 3.598370993186932737e-02
7.004029952030621162e-03 3.611987908784224793e-02
7.654035830148482079e-03 3.621922897634554522e-02
7.733611267682571032e-03 3.636238712426585057e-02
7.848518442156490749e-03 3.648588089939578533e-02
8.301255017455794194e-03 3.662995141027502316e-02
8.641532174528409466e-03 3.675105468622599791e-02
9.463164931534342322e-03 3.704517173750357384e-02
9.356234146466590323e-03 3.709088742683018525e-02
1.003379219340476067e-02 3.735179587843421439e-02
1.041500660152402252e-02 3.755373122571519645e-02
1.066945218648601527e-02 3.765114497116554826e-02
1.073964350521972727e-02 3.798689790222273266e-02
1.116835137593044300e-02 3.807324155953450973e-02
1.174741971389227368e-02 3.841998641337102810e-02
1.183735113084968642e-02 3.867561612069836396e-02
1.242746179487735740e-02 3.898350381801694853e-02
1.249944419455680314e-02 3.916117102089001351e-02
1.258108085695595728e-02 3.947095155204195793e-02
1.356171525589149919e-02 3.981795406873900323e-02
1.457667677841640100e-02 4.011619387926435715e-02
1.394317035325352491e-02 4.023965590514043400e-02
1.513094558825611897e-02 4.077670749993041188e-02
1.527348717909972689e-02 4.080270160777288435e-02
1.613717886259053574e-02 4.116020342294297862e-02
1.618797930194503312e-02 4.127988405211949208e-02
1.665733302898126170e-02 4.189828240368127094e-02
1.770453728389732861e-02 4.238474599654816488e-02
1.838187916763708851e-02 4.262567927981437965e-02
1.883522691718149400e-02 4.284553282591276047e-02
1.903651862697965103e-02 4.309300187990767333e-02
2.000291760030394050e-02 4.362593274430567880e-02
