1.937007904052734375e-02 9.037017822265625000e-03
1.936769485473632812e-02 9.036779403686523438e-03
1.937103271484375000e-02 9.038448333740234375e-03
1.937341690063476562e-02 9.036064147949218750e-03
1.937818527221679688e-02 9.033679962158203125e-03
1.939010620117187500e-02 9.020328521728515625e-03
1.940488815307617188e-02 8.998394012451171875e-03
1.942920684814453125e-02 8.966207504272460938e-03
1.945734024047851562e-02 8.917331695556640625e-03
1.949071884155273438e-02 8.857488632202148438e-03
1.955699920654296875e-02 8.726596832275390625e-03
1.960277557373046875e-02 8.632898330688476562e-03
1.965045928955078125e-02 8.526802062988281250e-03
1.969909667968750000e-02 8.415699005126953125e-03
1.974868774414062500e-02 8.297204971313476562e-03
1.979637145996093750e-02 8.176803588867187500e-03
1.984500885009765625e-02 8.053302764892578125e-03
1.989078521728515625e-02 7.929086685180664062e-03
1.993799209594726562e-02 7.805109024047851562e-03
1.998186111450195312e-02 7.681012153625488281e-03
2.006340026855468750e-02 7.447838783264160156e-03
2.010440826416015625e-02 7.328748703002929688e-03
2.014303207397460938e-02 7.210254669189453125e-03
2.018165588378906250e-02 7.096052169799804688e-03
2.021837234497070312e-02 6.982684135437011719e-03
2.025461196899414062e-02 6.872177124023437500e-03
2.028846740722656250e-02 6.761789321899414062e-03
2.032279968261718750e-02 6.653070449829101562e-03
2.035427093505859375e-02 6.544113159179687500e-03
2.038621902465820312e-02 6.436228752136230469e-03
2.042818069458007812e-02 6.287574768066406250e-03
2.045774459838867188e-02 6.179928779602050781e-03
2.048635482788085938e-02 6.074070930480957031e-03
2.051401138305664062e-02 5.968809127807617188e-03
2.054166793823242188e-02 5.864858627319335938e-03
2.056741714477539062e-02 5.761981010437011719e-03
2.059268951416015625e-02 5.659937858581542969e-03
2.061796188354492188e-02 5.559325218200683594e-03
2.064228057861328125e-02 5.459308624267578125e-03
2.066564559936523438e-02 5.360484123229980469e-03
2.069330215454101562e-02 5.245804786682128906e-03
2.071523666381835938e-02 5.148887634277343750e-03
2.073717117309570312e-02 5.053281784057617188e-03
2.075862884521484375e-02 4.958868026733398438e-03
2.077913284301757812e-02 4.865407943725585938e-03
2.079963684082031250e-02 4.773497581481933594e-03
2.081966400146484375e-02 4.682540893554687500e-03
2.083826065063476562e-02 4.592776298522949219e-03
2.085685729980468750e-02 4.504561424255371094e-03
2.087450027465820312e-02 4.417181015014648438e-03
2.089357376098632812e-02 4.317641258239746094e-03
2.090883255004882812e-02 4.231929779052734375e-03
2.092361450195312500e-02 4.147052764892578125e-03
2.093744277954101562e-02 4.063010215759277344e-03
2.095079421997070312e-02 3.979921340942382812e-03
2.096366882324218750e-02 3.898143768310546875e-03
2.097749710083007812e-02 3.817558288574218750e-03
2.099037170410156250e-02 3.738403320312500000e-03
2.100324630737304688e-02 3.660202026367187500e-03
2.101564407348632812e-02 3.582954406738281250e-03
2.103137969970703125e-02 3.483772277832031250e-03
2.104330062866210938e-02 3.408908843994140625e-03
2.105379104614257812e-02 3.335237503051757812e-03
2.106380462646484375e-02 3.263056278228759766e-03
2.107429504394531250e-02 3.192543983459472656e-03
2.108383178710937500e-02 3.123044967651367188e-03
2.109432220458984375e-02 3.054499626159667969e-03
2.110433578491210938e-02 2.986848354339599609e-03
2.111387252807617188e-02 2.920031547546386719e-03
2.112388610839843750e-02 2.853989601135253906e-03
2.113819122314453125e-02 2.750813961029052734e-03
2.114629745483398438e-02 2.686440944671630859e-03
2.115345001220703125e-02 2.622485160827636719e-03
2.115964889526367188e-02 2.559363842010498047e-03
2.116489410400390625e-02 2.497255802154541016e-03
2.116918563842773438e-02 2.436041831970214844e-03
2.117347717285156250e-02 2.375721931457519531e-03
2.117729187011718750e-02 2.316296100616455078e-03
2.118110656738281250e-02 2.257764339447021484e-03
2.118492126464843750e-02 2.199888229370117188e-03
2.119159698486328125e-02 2.113103866577148438e-03
2.119636535644531250e-02 2.056837081909179688e-03
2.120113372802734375e-02 2.001523971557617188e-03
2.120637893676757812e-02 1.947492361068725586e-03
2.121210098266601562e-02 1.894623041152954102e-03
2.121686935424804688e-02 1.842468976974487305e-03
2.122163772583007812e-02 1.790583133697509766e-03
2.122688293457031250e-02 1.739233732223510742e-03
2.123117446899414062e-02 1.688241958618164062e-03
2.123498916625976562e-02 1.637637615203857422e-03
2.123880386352539062e-02 1.576244831085205078e-03
2.124071121215820312e-02 1.526594161987304688e-03
2.124214172363281250e-02 1.477211713790893555e-03
2.124309539794921875e-02 1.428395509719848633e-03
2.124404907226562500e-02 1.379996538162231445e-03
2.124500274658203125e-02 1.332134008407592773e-03
2.124643325805664062e-02 1.284837722778320312e-03
2.124786376953125000e-02 1.238048076629638672e-03
2.124881744384765625e-02 1.191854476928710938e-03
2.125072479248046875e-02 1.146346330642700195e-03
2.125358581542968750e-02 1.094818115234375000e-03
2.125644683837890625e-02 1.051068305969238281e-03
2.125883102416992188e-02 1.007467508316040039e-03
2.126073837280273438e-02 9.641796350479125977e-04
2.126216888427734375e-02 9.211152791976928711e-04
2.126359939575195312e-02 8.784532546997070312e-04
2.126502990722656250e-02 8.362680673599243164e-04
2.126550674438476562e-02 7.947087287902832031e-04
2.126646041870117188e-02 7.535517215728759766e-04
2.126741409301757812e-02 7.128715515136718750e-04
2.126741409301757812e-02 6.616264581680297852e-04
2.126693725585937500e-02 6.216913461685180664e-04
2.126550674438476562e-02 5.822181701660156250e-04
2.126502990722656250e-02 5.430430173873901367e-04
2.126359939575195312e-02 5.043745040893554688e-04
2.126216888427734375e-02 4.662424325942993164e-04
2.126121520996093750e-02 4.287958145141601562e-04
2.125978469848632812e-02 3.919303417205810547e-04
2.125930786132812500e-02 3.557056188583374023e-04
2.125978469848632812e-02 3.205239772796630859e-04
2.126073837280273438e-02 2.760142087936401367e-04
2.126169204711914062e-02 2.416409552097320557e-04
2.126264572143554688e-02 2.077333629131317139e-04
2.126312255859375000e-02 1.747533679008483887e-04
2.126359939575195312e-02 1.425258815288543701e-04
2.126407623291015625e-02 1.109372824430465698e-04
2.126359939575195312e-02 7.992796599864959717e-05
2.126312255859375000e-02 4.944112151861190796e-05
2.126216888427734375e-02 1.941714435815811157e-05
2.126169204711914062e-02 -1.025921665132045746e-05
2.126121520996093750e-02 -4.515144973993301392e-05
2.126073837280273438e-02 -7.459521293640136719e-05
2.126026153564453125e-02 -1.039821654558181763e-04
2.126073837280273438e-02 -1.329630613327026367e-04
2.126026153564453125e-02 -1.616552472114562988e-04
2.125978469848632812e-02 -1.900531351566314697e-04
2.125930786132812500e-02 -2.183392643928527832e-04
2.125835418701171875e-02 -2.461597323417663574e-04
2.125740051269531250e-02 -2.739280462265014648e-04
2.125597000122070312e-02 -3.012269735336303711e-04
2.125406265258789062e-02 -3.357082605361938477e-04
2.125263214111328125e-02 -3.615021705627441406e-04
2.125167846679687500e-02 -3.869459033012390137e-04
2.125072479248046875e-02 -4.119873046875000000e-04
2.124977111816406250e-02 -4.366785287857055664e-04
2.124881744384765625e-02 -4.609674215316772461e-04
2.124834060668945312e-02 -4.851371049880981445e-04
2.124738693237304688e-02 -5.093067884445190430e-04
2.124595642089843750e-02 -5.329549312591552734e-04
2.124452590942382812e-02 -5.566030740737915039e-04
2.124214172363281250e-02 -5.840808153152465820e-04
2.123975753784179688e-02 -6.067901849746704102e-04
2.123689651489257812e-02 -6.291717290878295898e-04
2.123403549194335938e-02 -6.512552499771118164e-04
2.123165130615234375e-02 -6.729364395141601562e-04
2.122974395751953125e-02 -6.944388151168823242e-04
2.122831344604492188e-02 -7.160007953643798828e-04
2.122640609741210938e-02 -7.374435663223266602e-04
2.122497558593750000e-02 -7.584244012832641602e-04
2.122354507446289062e-02 -7.790029048919677734e-04
2.122163772583007812e-02 -8.044987916946411133e-04
2.121973037719726562e-02 -8.239150047302246094e-04
2.121782302856445312e-02 -8.428692817687988281e-04
2.121543884277343750e-02 -8.612424135208129883e-04
2.121400833129882812e-02 -8.788704872131347656e-04
2.121162414550781250e-02 -8.963644504547119141e-04
2.120971679687500000e-02 -9.142160415649414062e-04
2.120733261108398438e-02 -9.319633245468139648e-04
2.120542526245117188e-02 -9.497553110122680664e-04
2.120304107666015625e-02 -9.672492742538452148e-04
2.120065689086914062e-02 -9.884834289550781250e-04
2.119827270507812500e-02 -1.005798578262329102e-03
2.119684219360351562e-02 -1.023083925247192383e-03
2.119493484497070312e-02 -1.039892435073852539e-03
2.119398117065429688e-02 -1.056700944900512695e-03
2.119350433349609375e-02 -1.073449850082397461e-03
2.119302749633789062e-02 -1.089781522750854492e-03
2.119207382202148438e-02 -1.106202602386474609e-03
2.119112014770507812e-02 -1.122474670410156250e-03
2.118968963623046875e-02 -1.138776540756225586e-03
2.118778228759765625e-02 -1.158535480499267578e-03
2.118635177612304688e-02 -1.174539327621459961e-03
2.118444442749023438e-02 -1.190125942230224609e-03
2.118349075317382812e-02 -1.205116510391235352e-03
2.118253707885742188e-02 -1.219630241394042969e-03
2.118110656738281250e-02 -1.233816146850585938e-03
2.118015289306640625e-02 -1.247495412826538086e-03
2.117872238159179688e-02 -1.261174678802490234e-03
2.117681503295898438e-02 -1.274347305297851562e-03
2.117443084716796875e-02 -1.287490129470825195e-03
2.117204666137695312e-02 -1.302748918533325195e-03
2.117061614990234375e-02 -1.315385103225708008e-03
2.116870880126953125e-02 -1.328229904174804688e-03
2.116727828979492188e-02 -1.341342926025390625e-03
2.116584777832031250e-02 -1.354426145553588867e-03
2.116489410400390625e-02 -1.367360353469848633e-03
2.116441726684570312e-02 -1.380056142807006836e-03
2.116298675537109375e-02 -1.392632722854614258e-03
2.116203308105468750e-02 -1.405268907546997070e-03
2.116107940673828125e-02 -1.417845487594604492e-03
2.115917205810546875e-02 -1.432627439498901367e-03
2.115774154663085938e-02 -1.444399356842041016e-03
2.115631103515625000e-02 -1.455634832382202148e-03
2.115535736083984375e-02 -1.466661691665649414e-03
2.115392684936523438e-02 -1.477539539337158203e-03
2.115297317504882812e-02 -1.488029956817626953e-03
2.115154266357421875e-02 -1.498579978942871094e-03
2.114963531494140625e-02 -1.509070396423339844e-03
2.114820480346679688e-02 -1.519560813903808594e-03
2.114677429199218750e-02 -1.530051231384277344e-03
2.114534378051757812e-02 -1.542419195175170898e-03
2.114391326904296875e-02 -1.552909612655639648e-03
2.114248275756835938e-02 -1.563400030136108398e-03
2.114105224609375000e-02 -1.573413610458374023e-03
2.113962173461914062e-02 -1.583158969879150391e-03
2.113819122314453125e-02 -1.592606306076049805e-03
2.113676071166992188e-02 -1.601397991180419922e-03
2.113485336303710938e-02 -1.609861850738525391e-03
2.113342285156250000e-02 -1.618623733520507812e-03
2.113199234008789062e-02 -1.627594232559204102e-03
2.113056182861328125e-02 -1.638263463973999023e-03
2.113008499145507812e-02 -1.647710800170898438e-03
2.112913131713867188e-02 -1.657009124755859375e-03
2.112817764282226562e-02 -1.665562391281127930e-03
2.112674713134765625e-02 -1.673966646194458008e-03
2.112579345703125000e-02 -1.682370901107788086e-03
2.112483978271484375e-02 -1.690775156021118164e-03
2.112388610839843750e-02 -1.699179410934448242e-03
2.112245559692382812e-02 -1.707077026367187500e-03
2.112150192260742188e-02 -1.715004444122314453e-03
2.112007141113281250e-02 -1.724064350128173828e-03
2.111911773681640625e-02 -1.731485128402709961e-03
2.111816406250000000e-02 -1.738846302032470703e-03
2.111673355102539062e-02 -1.746594905853271484e-03
2.111482620239257812e-02 -1.754134893417358398e-03
2.111387252807617188e-02 -1.761496067047119141e-03
2.111196517944335938e-02 -1.768857240676879883e-03
2.111053466796875000e-02 -1.776218414306640625e-03
2.110910415649414062e-02 -1.783460378646850586e-03
2.110719680786132812e-02 -1.790255308151245117e-03
2.110576629638671875e-02 -1.798361539840698242e-03
2.110433578491210938e-02 -1.805156469345092773e-03
2.110338211059570312e-02 -1.811981201171875000e-03
2.110242843627929688e-02 -1.818358898162841797e-03
2.110147476196289062e-02 -1.824676990509033203e-03
2.110099792480468750e-02 -1.830518245697021484e-03
2.110052108764648438e-02 -1.836329698562622070e-03
2.109909057617187500e-02 -1.842111349105834961e-03
2.109813690185546875e-02 -1.848369836807250977e-03
2.109718322753906250e-02 -1.854687929153442383e-03
2.109622955322265625e-02 -1.861989498138427734e-03
2.109527587890625000e-02 -1.868307590484619141e-03
2.109432220458984375e-02 -1.874625682830810547e-03
2.109289169311523438e-02 -1.880854368209838867e-03
2.109193801879882812e-02 -1.886636018753051758e-03
2.109146118164062500e-02 -1.892447471618652344e-03
2.109050750732421875e-02 -1.897692680358886719e-03
2.108955383300781250e-02 -1.902878284454345703e-03
2.108860015869140625e-02 -1.907616853713989258e-03
2.108764648437500000e-02 -1.912146806716918945e-03
2.108621597290039062e-02 -1.917481422424316406e-03
2.108526229858398438e-02 -1.922160387039184570e-03
2.108383178710937500e-02 -1.926451921463012695e-03
2.108287811279296875e-02 -1.930803060531616211e-03
2.108192443847656250e-02 -1.935094594955444336e-03
2.108097076416015625e-02 -1.939326524734497070e-03
2.108001708984375000e-02 -1.943618059158325195e-03
2.107906341552734375e-02 -1.948297023773193359e-03
2.107810974121093750e-02 -1.953065395355224609e-03
2.107715606689453125e-02 -1.957833766937255859e-03
2.107572555541992188e-02 -1.963317394256591797e-03
2.107477188110351562e-02 -1.968026161193847656e-03
2.107334136962890625e-02 -1.972734928131103516e-03
2.107286453247070312e-02 -1.977443695068359375e-03
2.107238769531250000e-02 -1.982212066650390625e-03
2.107191085815429688e-02 -1.986920833587646484e-03
2.107143402099609375e-02 -1.991689205169677734e-03
2.107095718383789062e-02 -1.996338367462158203e-03
2.107048034667968750e-02 -2.001106739044189453e-03
2.107000350952148438e-02 -2.005398273468017578e-03
2.106904983520507812e-02 -2.010285854339599609e-03
2.106857299804687500e-02 -2.014458179473876953e-03
2.106761932373046875e-02 -2.018392086029052734e-03
2.106714248657226562e-02 -2.022087574005126953e-03
2.106666564941406250e-02 -2.025723457336425781e-03
2.106571197509765625e-02 -2.029478549957275391e-03
2.106523513793945312e-02 -2.032816410064697266e-03
2.106475830078125000e-02 -2.035915851593017578e-03
2.106380462646484375e-02 -2.039074897766113281e-03
2.106332778930664062e-02 -2.042233943939208984e-03
2.106285095214843750e-02 -2.045869827270507812e-03
2.106189727783203125e-02 -2.049028873443603516e-03
2.106094360351562500e-02 -2.052247524261474609e-03
2.105998992919921875e-02 -2.055704593658447266e-03
2.105855941772460938e-02 -2.058923244476318359e-03
2.105760574340820312e-02 -2.062082290649414062e-03
2.105665206909179688e-02 -2.065241336822509766e-03
2.105569839477539062e-02 -2.068340778350830078e-03
2.105426788330078125e-02 -2.071559429168701172e-03
2.105379104614257812e-02 -2.074658870697021484e-03
2.105283737182617188e-02 -2.078354358673095703e-03
2.105236053466796875e-02 -2.081513404846191406e-03
2.105188369750976562e-02 -2.084612846374511719e-03
2.105140686035156250e-02 -2.087354660034179688e-03
2.105045318603515625e-02 -2.089977264404296875e-03
2.104949951171875000e-02 -2.092599868774414062e-03
2.104854583740234375e-02 -2.095222473144531250e-03
2.104711532592773438e-02 -2.097845077514648438e-03
2.104663848876953125e-02 -2.100467681884765625e-03
2.104616165161132812e-02 -2.103149890899658203e-03
2.104473114013671875e-02 -2.106130123138427734e-03
2.104425430297851562e-02 -2.108752727508544922e-03
2.104377746582031250e-02 -2.111256122589111328e-03
2.104330062866210938e-02 -2.113699913024902344e-03
2.104282379150390625e-02 -2.116084098815917969e-03
2.104187011718750000e-02 -2.118766307830810547e-03
2.104139328002929688e-02 -2.121388912200927734e-03
2.104139328002929688e-02 -2.124011516571044922e-03
2.104139328002929688e-02 -2.126753330230712891e-03
2.104091644287109375e-02 -2.129912376403808594e-03
2.104043960571289062e-02 -2.133548259735107422e-03
2.103996276855468750e-02 -2.136707305908203125e-03
2.103900909423828125e-02 -2.139389514923095703e-03
2.103853225708007812e-02 -2.142071723937988281e-03
2.103805541992187500e-02 -2.144694328308105469e-03
2.103757858276367188e-02 -2.147197723388671875e-03
2.103710174560546875e-02 -2.149283885955810547e-03
2.103662490844726562e-02 -2.151429653167724609e-03
2.103567123413085938e-02 -2.153158187866210938e-03
2.103471755981445312e-02 -2.155065536499023438e-03
2.103424072265625000e-02 -2.157449722290039062e-03
2.103328704833984375e-02 -2.159178256988525391e-03
2.103281021118164062e-02 -2.160727977752685547e-03
2.103233337402343750e-02 -2.162337303161621094e-03
2.103185653686523438e-02 -2.163946628570556641e-03
2.103137969970703125e-02 -2.165496349334716797e-03
2.103090286254882812e-02 -2.166867256164550781e-03
2.103042602539062500e-02 -2.168357372283935547e-03
2.102994918823242188e-02 -2.169907093048095703e-03
2.102947235107421875e-02 -2.171456813812255859e-03
2.102899551391601562e-02 -2.173244953155517578e-03
2.102851867675781250e-02 -2.174794673919677734e-03
2.102804183959960938e-02 -2.176821231842041016e-03
2.102756500244140625e-02 -2.178907394409179688e-03
2.102661132812500000e-02 -2.180993556976318359e-03
2.102565765380859375e-02 -2.183437347412109375e-03
2.102422714233398438e-02 -2.186059951782226562e-03
2.102327346801757812e-02 -2.188205718994140625e-03
2.102279663085937500e-02 -2.190351486206054688e-03
2.102231979370117188e-02 -2.192437648773193359e-03
2.102088928222656250e-02 -2.194881439208984375e-03
2.101993560791015625e-02 -2.196907997131347656e-03
2.101898193359375000e-02 -2.198934555053710938e-03
2.101850509643554688e-02 -2.200603485107421875e-03
2.101755142211914062e-02 -2.202272415161132812e-03
2.101707458496093750e-02 -2.203941345214843750e-03
2.101659774780273438e-02 -2.205491065979003906e-03
2.101612091064453125e-02 -2.207040786743164062e-03
2.101516723632812500e-02 -2.208590507507324219e-03
2.101469039916992188e-02 -2.209722995758056641e-03
2.101373672485351562e-02 -2.210915088653564453e-03
2.101325988769531250e-02 -2.212107181549072266e-03
2.101278305053710938e-02 -2.213537693023681641e-03
2.101278305053710938e-02 -2.215087413787841797e-03
2.101230621337890625e-02 -2.216696739196777344e-03
2.101182937622070312e-02 -2.218246459960937500e-03
2.101230621337890625e-02 -2.219855785369873047e-03
2.101182937622070312e-02 -2.221345901489257812e-03
2.101135253906250000e-02 -2.222478389739990234e-03
2.101087570190429688e-02 -2.223074436187744141e-03
2.101039886474609375e-02 -2.223670482635498047e-03
2.100992202758789062e-02 -2.224206924438476562e-03
2.100896835327148438e-02 -2.225100994110107422e-03
2.100753784179687500e-02 -2.226114273071289062e-03
2.100658416748046875e-02 -2.227663993835449219e-03
2.100563049316406250e-02 -2.229273319244384766e-03
2.100419998168945312e-02 -2.230882644653320312e-03
2.100276947021484375e-02 -2.233028411865234375e-03
2.100133895874023438e-02 -2.234935760498046875e-03
2.100038528442382812e-02 -2.236604690551757812e-03
2.099895477294921875e-02 -2.238392829895019531e-03
2.099847793579101562e-02 -2.239942550659179688e-03
2.099800109863281250e-02 -2.241551876068115234e-03
2.099752426147460938e-02 -2.243101596832275391e-03
2.099657058715820312e-02 -2.244710922241210938e-03
2.099609375000000000e-02 -2.246260643005371094e-03
2.099514007568359375e-02 -2.247750759124755859e-03
2.099418640136718750e-02 -2.248764038085937500e-03
2.099275588989257812e-02 -2.249419689178466797e-03
2.099180221557617188e-02 -2.249956130981445312e-03
2.099132537841796875e-02 -2.250075340270996094e-03
2.099037170410156250e-02 -2.250432968139648438e-03
2.098989486694335938e-02 -2.250969409942626953e-03
2.098941802978515625e-02 -2.251505851745605469e-03
2.098894119262695312e-02 -2.252042293548583984e-03
2.098846435546875000e-02 -2.252817153930664062e-03
2.098751068115234375e-02 -2.253890037536621094e-03
2.098655700683593750e-02 -2.254903316497802734e-03
2.098512649536132812e-02 -2.256095409393310547e-03
2.098417282104492188e-02 -2.257406711578369141e-03
