1.920652389526367188e-02 -3.627955913543701172e-03
1.920366287231445312e-02 -3.627717494964599609e-03
1.920318603515625000e-02 -3.631889820098876953e-03
1.920604705810546875e-02 -3.633916378021240234e-03
1.920938491821289062e-02 -3.629088401794433594e-03
1.921224594116210938e-02 -3.623366355895996094e-03
1.921510696411132812e-02 -3.621697425842285156e-03
1.922178268432617188e-02 -3.624618053436279297e-03
1.922893524169921875e-02 -3.628432750701904297e-03
1.923274993896484375e-02 -3.630101680755615234e-03
1.922988891601562500e-02 -3.633618354797363281e-03
1.922750473022460938e-02 -3.635883331298828125e-03
1.923084259033203125e-02 -3.634870052337646484e-03
1.923799514770507812e-02 -3.630697727203369141e-03
1.924419403076171875e-02 -3.627419471740722656e-03
1.924610137939453125e-02 -3.626406192779541016e-03
1.924371719360351562e-02 -3.623783588409423828e-03
1.924324035644531250e-02 -3.621935844421386719e-03
1.924419403076171875e-02 -3.621280193328857422e-03
1.924562454223632812e-02 -3.622591495513916016e-03
1.924657821655273438e-02 -3.625035285949707031e-03
1.924657821655273438e-02 -3.626406192779541016e-03
1.924705505371093750e-02 -3.626227378845214844e-03
1.924848556518554688e-02 -3.627598285675048828e-03
1.924848556518554688e-02 -3.627061843872070312e-03
1.924514770507812500e-02 -3.624856472015380859e-03
1.924228668212890625e-02 -3.623902797698974609e-03
1.924133300781250000e-02 -3.625035285949707031e-03
1.924276351928710938e-02 -3.626048564910888672e-03
1.924467086791992188e-02 -3.623902797698974609e-03
1.924419403076171875e-02 -3.620207309722900391e-03
1.924276351928710938e-02 -3.617882728576660156e-03
1.924133300781250000e-02 -3.616869449615478516e-03
1.924133300781250000e-02 -3.616273403167724609e-03
1.924180984497070312e-02 -3.616273403167724609e-03
1.924228668212890625e-02 -3.616094589233398438e-03
1.924085617065429688e-02 -3.614366054534912109e-03
1.923894882202148438e-02 -3.612101078033447266e-03
1.923799514770507812e-02 -3.609359264373779297e-03
1.923799514770507812e-02 -3.606200218200683594e-03
1.923847198486328125e-02 -3.603875637054443359e-03
1.923894882202148438e-02 -3.602206707000732422e-03
1.923799514770507812e-02 -3.601372241973876953e-03
1.923751831054687500e-02 -3.600537776947021484e-03
1.923704147338867188e-02 -3.598093986511230469e-03
1.923704147338867188e-02 -3.594696521759033203e-03
1.923656463623046875e-02 -3.592669963836669922e-03
1.923656463623046875e-02 -3.590583801269531250e-03
1.923656463623046875e-02 -3.588199615478515625e-03
1.923799514770507812e-02 -3.585696220397949219e-03
1.923799514770507812e-02 -3.582537174224853516e-03
1.923799514770507812e-02 -3.579735755920410156e-03
1.923799514770507812e-02 -3.578305244445800781e-03
1.923799514770507812e-02 -3.576993942260742188e-03
1.923847198486328125e-02 -3.574490547180175781e-03
1.923847198486328125e-02 -3.571987152099609375e-03
1.923894882202148438e-02 -3.570556640625000000e-03
1.923799514770507812e-02 -3.568887710571289062e-03
1.923799514770507812e-02 -3.566384315490722656e-03
1.923894882202148438e-02 -3.563821315765380859e-03
1.923942565917968750e-02 -3.561317920684814453e-03
1.923990249633789062e-02 -3.559529781341552734e-03
1.923894882202148438e-02 -3.558516502380371094e-03
1.923942565917968750e-02 -3.556787967681884766e-03
1.924037933349609375e-02 -3.555178642272949219e-03
1.924133300781250000e-02 -3.554284572601318359e-03
1.924180984497070312e-02 -3.552675247192382812e-03
1.924228668212890625e-02 -3.550350666046142578e-03
1.924228668212890625e-02 -3.547489643096923828e-03
1.924276351928710938e-02 -3.545105457305908203e-03
1.924419403076171875e-02 -3.543972969055175781e-03
1.924467086791992188e-02 -3.542780876159667969e-03
1.924514770507812500e-02 -3.540992736816406250e-03
1.924562454223632812e-02 -3.539443016052246094e-03
1.924657821655273438e-02 -3.537774085998535156e-03
1.924657821655273438e-02 -3.535807132720947266e-03
1.924705505371093750e-02 -3.533661365509033203e-03
1.924800872802734375e-02 -3.532171249389648438e-03
1.924848556518554688e-02 -3.530979156494140625e-03
1.924800872802734375e-02 -3.529131412506103516e-03
1.924753189086914062e-02 -3.526806831359863281e-03
1.924657821655273438e-02 -3.525018692016601562e-03
1.924800872802734375e-02 -3.523945808410644531e-03
1.924896240234375000e-02 -3.522813320159912109e-03
1.924991607666015625e-02 -3.521502017974853516e-03
1.925086975097656250e-02 -3.519475460052490234e-03
1.925134658813476562e-02 -3.517329692840576172e-03
1.925182342529296875e-02 -3.515481948852539062e-03
1.925325393676757812e-02 -3.513932228088378906e-03
1.925468444824218750e-02 -3.512620925903320312e-03
1.925516128540039062e-02 -3.511667251586914062e-03
1.925563812255859375e-02 -3.510653972625732422e-03
1.925516128540039062e-02 -3.509104251861572266e-03
1.925468444824218750e-02 -3.507077693939208984e-03
1.925468444824218750e-02 -3.505587577819824219e-03
1.925468444824218750e-02 -3.504097461700439453e-03
1.925516128540039062e-02 -3.501296043395996094e-03
1.925563812255859375e-02 -3.498733043670654297e-03
1.925611495971679688e-02 -3.497958183288574219e-03
1.925659179687500000e-02 -3.497779369354248047e-03
1.925706863403320312e-02 -3.497242927551269531e-03
1.925754547119140625e-02 -3.495633602142333984e-03
1.925802230834960938e-02 -3.493905067443847656e-03
1.925849914550781250e-02 -3.492116928100585938e-03
1.925849914550781250e-02 -3.489971160888671875e-03
1.925897598266601562e-02 -3.488063812255859375e-03
1.925945281982421875e-02 -3.486633300781250000e-03
1.925992965698242188e-02 -3.485560417175292969e-03
1.925992965698242188e-02 -3.484785556793212891e-03
1.925945281982421875e-02 -3.484308719635009766e-03
1.925945281982421875e-02 -3.483474254608154297e-03
1.925992965698242188e-02 -3.482103347778320312e-03
1.925992965698242188e-02 -3.480255603790283203e-03
1.926040649414062500e-02 -3.478467464447021484e-03
1.926088333129882812e-02 -3.477036952972412109e-03
1.926136016845703125e-02 -3.475248813629150391e-03
1.926183700561523438e-02 -3.473222255706787109e-03
1.926183700561523438e-02 -3.471553325653076172e-03
1.926136016845703125e-02 -3.470540046691894531e-03
1.926136016845703125e-02 -3.469586372375488281e-03
1.926136016845703125e-02 -3.468453884124755859e-03
1.926136016845703125e-02 -3.467381000518798828e-03
1.926136016845703125e-02 -3.466129302978515625e-03
1.926136016845703125e-02 -3.464877605438232422e-03
1.926136016845703125e-02 -3.463864326477050781e-03
1.926136016845703125e-02 -3.462553024291992188e-03
1.926136016845703125e-02 -3.461122512817382812e-03
1.926136016845703125e-02 -3.459751605987548828e-03
1.926183700561523438e-02 -3.458738327026367188e-03
1.926231384277343750e-02 -3.457367420196533203e-03
1.926231384277343750e-02 -3.455758094787597656e-03
1.926231384277343750e-02 -3.454208374023437500e-03
1.926279067993164062e-02 -3.453016281127929688e-03
1.926279067993164062e-02 -3.451704978942871094e-03
1.926326751708984375e-02 -3.450393676757812500e-03
1.926326751708984375e-02 -3.449082374572753906e-03
1.926326751708984375e-02 -3.447592258453369141e-03
1.926326751708984375e-02 -3.446340560913085938e-03
1.926326751708984375e-02 -3.445088863372802734e-03
1.926279067993164062e-02 -3.444015979766845703e-03
1.926326751708984375e-02 -3.443002700805664062e-03
1.926326751708984375e-02 -3.442049026489257812e-03
1.926326751708984375e-02 -3.440916538238525391e-03
1.926326751708984375e-02 -3.439366817474365234e-03
1.926231384277343750e-02 -3.437697887420654297e-03
1.926231384277343750e-02 -3.436088562011718750e-03
1.926326751708984375e-02 -3.434896469116210938e-03
1.926326751708984375e-02 -3.433883190155029297e-03
1.926326751708984375e-02 -3.432691097259521484e-03
1.926326751708984375e-02 -3.431200981140136719e-03
1.926326751708984375e-02 -3.429412841796875000e-03
1.926374435424804688e-02 -3.427863121032714844e-03
1.926326751708984375e-02 -3.426194190979003906e-03
1.926326751708984375e-02 -3.425061702728271484e-03
1.926326751708984375e-02 -3.424227237701416016e-03
1.926326751708984375e-02 -3.423213958740234375e-03
1.926326751708984375e-02 -3.421902656555175781e-03
1.926279067993164062e-02 -3.420352935791015625e-03
1.926326751708984375e-02 -3.418684005737304688e-03
1.926326751708984375e-02 -3.416895866394042969e-03
1.926374435424804688e-02 -3.415346145629882812e-03
1.926374435424804688e-02 -3.413856029510498047e-03
1.926326751708984375e-02 -3.412544727325439453e-03
1.926326751708984375e-02 -3.411710262298583984e-03
1.926374435424804688e-02 -3.410875797271728516e-03
1.926374435424804688e-02 -3.409683704376220703e-03
1.926374435424804688e-02 -3.408133983612060547e-03
1.926374435424804688e-02 -3.406345844268798828e-03
1.926374435424804688e-02 -3.404676914215087891e-03
1.926326751708984375e-02 -3.403365612030029297e-03
1.926326751708984375e-02 -3.401875495910644531e-03
1.926326751708984375e-02 -3.400325775146484375e-03
1.926326751708984375e-02 -3.399312496185302734e-03
1.926326751708984375e-02 -3.398478031158447266e-03
1.926326751708984375e-02 -3.397226333618164062e-03
1.926326751708984375e-02 -3.395795822143554688e-03
1.926326751708984375e-02 -3.394007682800292969e-03
1.926326751708984375e-02 -3.392517566680908203e-03
1.926326751708984375e-02 -3.391325473785400391e-03
1.926279067993164062e-02 -3.389954566955566406e-03
1.926183700561523438e-02 -3.388881683349609375e-03
1.926183700561523438e-02 -3.387808799743652344e-03
1.926279067993164062e-02 -3.386616706848144531e-03
1.926326751708984375e-02 -3.385365009307861328e-03
1.926326751708984375e-02 -3.384113311767578125e-03
1.926326751708984375e-02 -3.382444381713867188e-03
1.926326751708984375e-02 -3.380835056304931641e-03
1.926326751708984375e-02 -3.379464149475097656e-03
1.926326751708984375e-02 -3.378331661224365234e-03
1.926326751708984375e-02 -3.377318382263183594e-03
1.926326751708984375e-02 -3.376305103302001953e-03
1.926326751708984375e-02 -3.375113010406494141e-03
1.926326751708984375e-02 -3.373861312866210938e-03
1.926326751708984375e-02 -3.372371196746826172e-03
1.926326751708984375e-02 -3.371000289916992188e-03
1.926326751708984375e-02 -3.369808197021484375e-03
1.926326751708984375e-02 -3.368675708770751953e-03
1.926326751708984375e-02 -3.367662429809570312e-03
1.926326751708984375e-02 -3.366291522979736328e-03
1.926326751708984375e-02 -3.364980220794677734e-03
1.926326751708984375e-02 -3.363609313964843750e-03
1.926326751708984375e-02 -3.362178802490234375e-03
1.926326751708984375e-02 -3.360927104949951172e-03
1.926374435424804688e-02 -3.359436988830566406e-03
1.926326751708984375e-02 -3.357946872711181641e-03
1.926326751708984375e-02 -3.356516361236572266e-03
1.926326751708984375e-02 -3.355443477630615234e-03
1.926326751708984375e-02 -3.354668617248535156e-03
1.926279067993164062e-02 -3.354251384735107422e-03
1.926326751708984375e-02 -3.353416919708251953e-03
1.926326751708984375e-02 -3.352165222167968750e-03
1.926326751708984375e-02 -3.350615501403808594e-03
1.926326751708984375e-02 -3.348827362060546875e-03
1.926326751708984375e-02 -3.346800804138183594e-03
1.926326751708984375e-02 -3.345251083374023438e-03
1.926326751708984375e-02 -3.343999385833740234e-03
1.926279067993164062e-02 -3.342628479003906250e-03
1.926279067993164062e-02 -3.341257572174072266e-03
1.926279067993164062e-02 -3.339648246765136719e-03
1.926326751708984375e-02 -3.338158130645751953e-03
1.926326751708984375e-02 -3.336906433105468750e-03
1.926326751708984375e-02 -3.336071968078613281e-03
1.926326751708984375e-02 -3.334999084472656250e-03
1.926326751708984375e-02 -3.333568572998046875e-03
1.926326751708984375e-02 -3.332078456878662109e-03
1.926326751708984375e-02 -3.330767154693603516e-03
1.926279067993164062e-02 -3.329455852508544922e-03
1.926231384277343750e-02 -3.327965736389160156e-03
1.926231384277343750e-02 -3.326594829559326172e-03
1.926231384277343750e-02 -3.325223922729492188e-03
1.926279067993164062e-02 -3.323912620544433594e-03
1.926279067993164062e-02 -3.322720527648925781e-03
1.926326751708984375e-02 -3.321409225463867188e-03
1.926326751708984375e-02 -3.320097923278808594e-03
1.926326751708984375e-02 -3.318786621093750000e-03
1.926326751708984375e-02 -3.317236900329589844e-03
1.926326751708984375e-02 -3.315925598144531250e-03
1.926326751708984375e-02 -3.314912319183349609e-03
1.926374435424804688e-02 -3.314077854156494141e-03
1.926326751708984375e-02 -3.313422203063964844e-03
1.926326751708984375e-02 -3.311872482299804688e-03
1.926326751708984375e-02 -3.309965133666992188e-03
1.926326751708984375e-02 -3.308713436126708984e-03
1.926279067993164062e-02 -3.307461738586425781e-03
1.926279067993164062e-02 -3.306567668914794922e-03
1.926279067993164062e-02 -3.305554389953613281e-03
1.926326751708984375e-02 -3.304243087768554688e-03
1.926326751708984375e-02 -3.302633762359619141e-03
1.926326751708984375e-02 -3.301262855529785156e-03
1.926326751708984375e-02 -3.299951553344726562e-03
1.926326751708984375e-02 -3.298759460449218750e-03
1.926279067993164062e-02 -3.297626972198486328e-03
1.926279067993164062e-02 -3.296732902526855469e-03
1.926231384277343750e-02 -3.296077251434326172e-03
1.926279067993164062e-02 -3.294706344604492188e-03
1.926326751708984375e-02 -3.292918205261230469e-03
1.926374435424804688e-02 -3.291368484497070312e-03
1.926374435424804688e-02 -3.290057182312011719e-03
1.926326751708984375e-02 -3.289103507995605469e-03
1.926326751708984375e-02 -3.288090229034423828e-03
1.926326751708984375e-02 -3.286778926849365234e-03
1.926326751708984375e-02 -3.285706043243408203e-03
1.926326751708984375e-02 -3.284275531768798828e-03
1.926326751708984375e-02 -3.282904624938964844e-03
1.926326751708984375e-02 -3.282070159912109375e-03
1.926326751708984375e-02 -3.281354904174804688e-03
1.926326751708984375e-02 -3.280043601989746094e-03
1.926326751708984375e-02 -3.278434276580810547e-03
1.926326751708984375e-02 -3.277182579040527344e-03
1.926326751708984375e-02 -3.276109695434570312e-03
1.926326751708984375e-02 -3.274857997894287109e-03
1.926326751708984375e-02 -3.273069858551025391e-03
1.926326751708984375e-02 -3.271698951721191406e-03
1.926326751708984375e-02 -3.270685672760009766e-03
1.926279067993164062e-02 -3.270089626312255859e-03
1.926279067993164062e-02 -3.269255161285400391e-03
1.926279067993164062e-02 -3.268003463745117188e-03
1.926326751708984375e-02 -3.266513347625732422e-03
1.926326751708984375e-02 -3.265202045440673828e-03
1.926326751708984375e-02 -3.264248371124267578e-03
1.926326751708984375e-02 -3.263592720031738281e-03
1.926326751708984375e-02 -3.262519836425781250e-03
1.926326751708984375e-02 -3.260910511016845703e-03
1.926326751708984375e-02 -3.259658813476562500e-03
1.926326751708984375e-02 -3.258407115936279297e-03
1.926326751708984375e-02 -3.257215023040771484e-03
1.926326751708984375e-02 -3.256022930145263672e-03
1.926326751708984375e-02 -3.254830837249755859e-03
1.926374435424804688e-02 -3.253400325775146484e-03
1.926374435424804688e-02 -3.251910209655761719e-03
1.926374435424804688e-02 -3.250718116760253906e-03
1.926326751708984375e-02 -3.249704837799072266e-03
1.926326751708984375e-02 -3.248870372772216797e-03
1.926326751708984375e-02 -3.248035907745361328e-03
1.926326751708984375e-02 -3.247320652008056641e-03
1.926326751708984375e-02 -3.245830535888671875e-03
1.926374435424804688e-02 -3.243744373321533203e-03
1.926422119140625000e-02 -3.242075443267822266e-03
1.926422119140625000e-02 -3.241002559661865234e-03
1.926374435424804688e-02 -3.240048885345458984e-03
1.926326751708984375e-02 -3.239393234252929688e-03
1.926326751708984375e-02 -3.238558769226074219e-03
1.926374435424804688e-02 -3.237307071685791016e-03
1.926374435424804688e-02 -3.235995769500732422e-03
1.926374435424804688e-02 -3.235161304473876953e-03
1.926374435424804688e-02 -3.234326839447021484e-03
1.926374435424804688e-02 -3.233194351196289062e-03
1.926374435424804688e-02 -3.231704235076904297e-03
1.926374435424804688e-02 -3.230392932891845703e-03
1.926374435424804688e-02 -3.229320049285888672e-03
1.926374435424804688e-02 -3.228127956390380859e-03
1.926326751708984375e-02 -3.226876258850097656e-03
1.926326751708984375e-02 -3.226041793823242188e-03
1.926374435424804688e-02 -3.225207328796386719e-03
1.926374435424804688e-02 -3.224313259124755859e-03
1.926374435424804688e-02 -3.223001956939697266e-03
1.926422119140625000e-02 -3.221690654754638672e-03
1.926422119140625000e-02 -3.220677375793457031e-03
1.926422119140625000e-02 -3.219306468963623047e-03
1.926422119140625000e-02 -3.217995166778564453e-03
1.926422119140625000e-02 -3.217041492462158203e-03
1.926422119140625000e-02 -3.216207027435302734e-03
1.926469802856445312e-02 -3.215014934539794922e-03
1.926469802856445312e-02 -3.213882446289062500e-03
1.926469802856445312e-02 -3.212690353393554688e-03
1.926469802856445312e-02 -3.211617469787597656e-03
1.926422119140625000e-02 -3.210365772247314453e-03
1.926422119140625000e-02 -3.209352493286132812e-03
1.926374435424804688e-02 -3.208637237548828125e-03
1.926374435424804688e-02 -3.207862377166748047e-03
1.926422119140625000e-02 -3.207147121429443359e-03
1.926469802856445312e-02 -3.206491470336914062e-03
1.926469802856445312e-02 -3.205776214599609375e-03
1.926469802856445312e-02 -3.204464912414550781e-03
1.926469802856445312e-02 -3.202676773071289062e-03
1.926469802856445312e-02 -3.201127052307128906e-03
1.926469802856445312e-02 -3.199994564056396484e-03
1.926469802856445312e-02 -3.198981285095214844e-03
1.926469802856445312e-02 -3.198266029357910156e-03
1.926469802856445312e-02 -3.197669982910156250e-03
1.926517486572265625e-02 -3.196954727172851562e-03
1.926517486572265625e-02 -3.195524215698242188e-03
1.926517486572265625e-02 -3.193855285644531250e-03
1.926517486572265625e-02 -3.192663192749023438e-03
1.926469802856445312e-02 -3.192007541656494141e-03
1.926517486572265625e-02 -3.191590309143066406e-03
1.926517486572265625e-02 -3.190934658050537109e-03
1.926517486572265625e-02 -3.189682960510253906e-03
1.926517486572265625e-02 -3.188252449035644531e-03
1.926517486572265625e-02 -3.187417984008789062e-03
1.926517486572265625e-02 -3.186464309692382812e-03
1.926517486572265625e-02 -3.185272216796875000e-03
1.926517486572265625e-02 -3.184080123901367188e-03
1.926517486572265625e-02 -3.182947635650634766e-03
1.926517486572265625e-02 -3.181934356689453125e-03
1.926565170288085938e-02 -3.180921077728271484e-03
1.926565170288085938e-02 -3.180146217346191406e-03
1.926517486572265625e-02 -3.179311752319335938e-03
1.926517486572265625e-02 -3.178000450134277344e-03
1.926517486572265625e-02 -3.176629543304443359e-03
1.926517486572265625e-02 -3.175973892211914062e-03
1.926565170288085938e-02 -3.175437450408935547e-03
1.926565170288085938e-02 -3.174424171447753906e-03
1.926612854003906250e-02 -3.173112869262695312e-03
1.926660537719726562e-02 -3.172159194946289062e-03
1.926660537719726562e-02 -3.171503543853759766e-03
1.926660537719726562e-02 -3.171086311340332031e-03
1.926612854003906250e-02 -3.170609474182128906e-03
1.926565170288085938e-02 -3.169655799865722656e-03
1.926612854003906250e-02 -3.168463706970214844e-03
1.926660537719726562e-02 -3.167152404785156250e-03
1.926660537719726562e-02 -3.165900707244873047e-03
1.926660537719726562e-02 -3.164291381835937500e-03
1.926660537719726562e-02 -3.162622451782226562e-03
1.926612854003906250e-02 -3.161489963531494141e-03
1.926612854003906250e-02 -3.160595893859863281e-03
1.926612854003906250e-02 -3.159403800964355469e-03
1.926660537719726562e-02 -3.158390522003173828e-03
1.926660537719726562e-02 -3.157615661621093750e-03
1.926612854003906250e-02 -3.157079219818115234e-03
1.926612854003906250e-02 -3.156244754791259766e-03
1.926660537719726562e-02 -3.155410289764404297e-03
1.926660537719726562e-02 -3.154635429382324219e-03
1.926660537719726562e-02 -3.153800964355468750e-03
1.926660537719726562e-02 -3.152608871459960938e-03
1.926660537719726562e-02 -3.151297569274902344e-03
1.926660537719726562e-02 -3.150403499603271484e-03
1.926660537719726562e-02 -3.149628639221191406e-03
1.926708221435546875e-02 -3.148794174194335938e-03
1.926708221435546875e-02 -3.147780895233154297e-03
1.926708221435546875e-02 -3.146946430206298828e-03
1.926708221435546875e-02 -3.146231174468994141e-03
1.926660537719726562e-02 -3.145456314086914062e-03
1.926660537719726562e-02 -3.144621849060058594e-03
1.926660537719726562e-02 -3.143787384033203125e-03
1.926660537719726562e-02 -3.142774105072021484e-03
1.926660537719726562e-02 -3.141641616821289062e-03
1.926708221435546875e-02 -3.140747547149658203e-03
1.926708221435546875e-02 -3.139972686767578125e-03
1.926708221435546875e-02 -3.139257431030273438e-03
