5.970597267150878906e-03 2.784550189971923828e-03
5.968332290649414062e-03 2.783775329589843750e-03
5.969047546386718750e-03 2.786576747894287109e-03
5.970001220703125000e-03 2.784430980682373047e-03
5.969405174255371094e-03 2.784013748168945312e-03
5.974411964416503906e-03 2.780735492706298828e-03
5.978345870971679688e-03 2.773046493530273438e-03
5.985498428344726562e-03 2.764523029327392578e-03
5.994796752929687500e-03 2.748250961303710938e-03
6.003975868225097656e-03 2.729713916778564453e-03
6.025433540344238281e-03 2.688586711883544922e-03
6.039023399353027344e-03 2.660334110260009766e-03
6.054162979125976562e-03 2.627074718475341797e-03
6.067872047424316406e-03 2.593278884887695312e-03
6.083846092224121094e-03 2.557039260864257812e-03
6.097793579101562500e-03 2.519607543945312500e-03
6.113767623901367188e-03 2.482354640960693359e-03
6.127715110778808594e-03 2.443671226501464844e-03
6.143093109130859375e-03 2.406358718872070312e-03
6.157159805297851562e-03 2.367913722991943359e-03
6.183505058288574219e-03 2.296805381774902344e-03
6.196379661560058594e-03 2.261340618133544922e-03
6.208777427673339844e-03 2.224504947662353516e-03
6.220340728759765625e-03 2.190053462982177734e-03
6.231546401977539062e-03 2.154409885406494141e-03
6.242036819458007812e-03 2.120673656463623047e-03
6.252050399780273438e-03 2.085864543914794922e-03
6.262063980102539062e-03 2.052545547485351562e-03
6.271243095397949219e-03 2.018392086029052734e-03
6.281137466430664062e-03 1.985371112823486328e-03
6.293177604675292969e-03 1.939445734024047852e-03
6.301879882812500000e-03 1.906096935272216797e-03
6.310343742370605469e-03 1.873880624771118164e-03
6.317973136901855469e-03 1.841068267822265625e-03
6.326317787170410156e-03 1.809209585189819336e-03
6.333827972412109375e-03 1.777559518814086914e-03
6.342053413391113281e-03 1.746028661727905273e-03
6.349682807922363281e-03 1.715481281280517578e-03
6.356954574584960938e-03 1.684576272964477539e-03
6.364703178405761719e-03 1.654446125030517578e-03
6.373286247253417969e-03 1.619666814804077148e-03
6.380438804626464844e-03 1.589477062225341797e-03
6.387829780578613281e-03 1.560032367706298828e-03
6.394505500793457031e-03 1.531034708023071289e-03
6.400942802429199219e-03 1.502066850662231445e-03
6.407260894775390625e-03 1.473665237426757812e-03
6.413340568542480469e-03 1.445770263671875000e-03
6.418943405151367188e-03 1.417845487594604492e-03
6.424784660339355469e-03 1.390308141708374023e-03
6.430268287658691406e-03 1.363426446914672852e-03
6.436228752136230469e-03 1.332700252532958984e-03
6.441235542297363281e-03 1.306563615798950195e-03
6.446003913879394531e-03 1.280933618545532227e-03
6.450414657592773438e-03 1.255482435226440430e-03
6.454348564147949219e-03 1.230388879776000977e-03
6.458282470703125000e-03 1.205354928970336914e-03
6.462097167968750000e-03 1.180857419967651367e-03
6.466031074523925781e-03 1.156717538833618164e-03
6.469845771789550781e-03 1.132786273956298828e-03
6.473660469055175781e-03 1.108855009078979492e-03
6.478667259216308594e-03 1.078009605407714844e-03
6.482243537902832031e-03 1.054614782333374023e-03
6.485700607299804688e-03 1.031637191772460938e-03
6.489157676696777344e-03 1.009047031402587891e-03
6.492257118225097656e-03 9.869635105133056641e-04
6.495356559753417969e-03 9.652823209762573242e-04
6.498456001281738281e-03 9.440183639526367188e-04
6.501436233520507812e-03 9.229779243469238281e-04
6.504178047180175781e-03 9.021610021591186523e-04
6.506800651550292969e-03 8.814781904220581055e-04
6.510972976684570312e-03 8.493065834045410156e-04
6.513357162475585938e-03 8.291900157928466797e-04
6.515383720397949219e-03 8.091926574707031250e-04
6.517529487609863281e-03 7.894337177276611328e-04
6.519198417663574219e-03 7.699579000473022461e-04
6.520867347717285156e-03 7.508844137191772461e-04
6.522417068481445312e-03 7.322877645492553711e-04
6.523609161376953125e-03 7.140785455703735352e-04
6.525039672851562500e-03 6.967484951019287109e-04
6.526470184326171875e-03 6.795376539230346680e-04
6.528496742248535156e-03 6.540268659591674805e-04
6.530046463012695312e-03 6.371140480041503906e-04
6.531357765197753906e-03 6.203055381774902344e-04
6.532549858093261719e-03 6.037205457687377930e-04
6.533741950988769531e-03 5.873739719390869141e-04
6.534934043884277344e-03 5.712062120437622070e-04
6.536006927490234375e-03 5.554407835006713867e-04
6.537437438964843750e-03 5.397349596023559570e-04
6.538748741149902344e-03 5.239695310592651367e-04
6.539702415466308594e-03 5.082041025161743164e-04
6.541013717651367188e-03 4.890114068984985352e-04
6.542086601257324219e-03 4.732534289360046387e-04
6.542921066284179688e-03 4.574880003929138184e-04
6.543517112731933594e-03 4.417225718498229980e-04
6.543874740600585938e-03 4.259571433067321777e-04
6.544470787048339844e-03 4.102513194084167480e-04
6.545066833496093750e-03 3.949478268623352051e-04
6.546139717102050781e-03 3.798231482505798340e-04
6.547212600708007812e-03 3.651529550552368164e-04
6.548166275024414062e-03 3.508403897285461426e-04
6.549000740051269531e-03 3.345534205436706543e-04
6.549715995788574219e-03 3.209337592124938965e-04
6.550669670104980469e-03 3.075450658798217773e-04
6.551384925842285156e-03 2.944394946098327637e-04
6.552100181579589844e-03 2.818629145622253418e-04
6.552457809448242188e-03 2.692267298698425293e-04
6.553053855895996094e-03 2.568811178207397461e-04
6.553173065185546875e-03 2.447664737701416016e-04
6.552577018737792969e-03 2.327151596546173096e-04
6.552338600158691406e-03 2.206005156040191650e-04
6.552100181579589844e-03 2.051815390586853027e-04
6.551742553710937500e-03 1.930668950080871582e-04
6.551742553710937500e-03 1.813024282455444336e-04
6.551742553710937500e-03 1.697689294815063477e-04
6.551980972290039062e-03 1.581758260726928711e-04
6.552219390869140625e-03 1.467578113079071045e-04
6.552338600158691406e-03 1.357458531856536865e-04
6.552457809448242188e-03 1.247338950634002686e-04
6.552457809448242188e-03 1.141261309385299683e-04
6.552338600158691406e-03 1.035761088132858276e-04
6.552219390869140625e-03 9.042024612426757812e-05
6.551742553710937500e-03 8.044950664043426514e-05
6.551265716552734375e-03 7.042288780212402344e-05
6.550669670104980469e-03 6.045307964086532593e-05
6.550192832946777344e-03 5.048420280218124390e-05
6.549596786499023438e-03 4.051532596349716187e-05
6.549119949340820312e-03 3.077741712331771851e-05
6.548523902893066406e-03 2.127187326550483704e-05
6.548166275024414062e-03 1.176609657704830170e-05
6.547689437866210938e-03 2.318469341844320297e-06
6.547451019287109375e-03 -9.041978046298027039e-06
6.546974182128906250e-03 -1.848954707384109497e-05
6.546616554260253906e-03 -2.793734893202781677e-05
6.546497344970703125e-03 -3.738515079021453857e-05
6.546735763549804688e-03 -4.584714770317077637e-05
6.546974182128906250e-03 -5.425140261650085449e-05
6.546974182128906250e-03 -6.265565752983093262e-05
6.547093391418457031e-03 -7.105991244316101074e-05
6.546974182128906250e-03 -7.946416735649108887e-05
6.546735763549804688e-03 -8.786842226982116699e-05
6.546378135681152344e-03 -9.818561375141143799e-05
6.546258926391601562e-03 -1.060683280229568481e-04
6.546020507812500000e-03 -1.139510422945022583e-04
6.545901298522949219e-03 -1.218337565660476685e-04
6.545662879943847656e-03 -1.296587288379669189e-04
6.545543670654296875e-03 -1.370199024677276611e-04
6.545066833496093750e-03 -1.443810760974884033e-04
6.544589996337890625e-03 -1.517422497272491455e-04
6.544113159179687500e-03 -1.590438187122344971e-04
6.543636322021484375e-03 -1.664049923419952393e-04
6.543040275573730469e-03 -1.750998198986053467e-04
6.542444229125976562e-03 -1.819394528865814209e-04
6.542205810546875000e-03 -1.887790858745574951e-04
6.541728973388671875e-03 -1.955628395080566406e-04
6.541252136230468750e-03 -2.023987472057342529e-04
6.540894508361816406e-03 -2.092383801937103271e-04
6.540417671203613281e-03 -2.160221338272094727e-04
6.539940834045410156e-03 -2.223402261734008789e-04
6.539583206176757812e-03 -2.286583185195922852e-04
6.539106369018554688e-03 -2.349764108657836914e-04
6.538391113281250000e-03 -2.428591251373291016e-04
6.537914276123046875e-03 -2.490580081939697266e-04
6.537437438964843750e-03 -2.548545598983764648e-04
6.536960601806640625e-03 -2.605915069580078125e-04
6.536364555358886719e-03 -2.663880586624145508e-04
6.535887718200683594e-03 -2.721846103668212891e-04
6.535410881042480469e-03 -2.779215574264526367e-04
6.534934043884277344e-03 -2.837181091308593750e-04
6.534337997436523438e-03 -2.895146608352661133e-04
6.533861160278320312e-03 -2.950206398963928223e-04
6.533145904541015625e-03 -3.013983368873596191e-04
6.532669067382812500e-03 -3.066733479499816895e-04
6.532192230224609375e-03 -3.118887543678283691e-04
6.531953811645507812e-03 -3.173351287841796875e-04
6.531596183776855469e-03 -3.227293491363525391e-04
6.531238555908203125e-03 -3.280639648437500000e-04
6.530761718750000000e-03 -3.333315253257751465e-04
6.530165672302246094e-03 -3.385543823242187500e-04
6.529688835144042969e-03 -3.438293933868408203e-04
6.529092788696289062e-03 -3.487542271614074707e-04
6.528496742248535156e-03 -3.544911742210388184e-04
6.527900695800781250e-03 -3.592446446418762207e-04
6.527423858642578125e-03 -3.635883331298828125e-04
6.526708602905273438e-03 -3.677606582641601562e-04
6.526112556457519531e-03 -3.719925880432128906e-04
6.525397300720214844e-03 -3.761649131774902344e-04
6.524682044982910156e-03 -3.803446888923645020e-04
6.524085998535156250e-03 -3.844574093818664551e-04
6.523609161376953125e-03 -3.885105252265930176e-04
6.523013114929199219e-03 -3.926903009414672852e-04
6.522536277770996094e-03 -3.973245620727539062e-04
6.522297859191894531e-03 -4.011467099189758301e-04
6.522178649902343750e-03 -4.050880670547485352e-04
6.521940231323242188e-03 -4.088580608367919922e-04
6.521701812744140625e-03 -4.125684499740600586e-04
6.521344184875488281e-03 -4.162192344665527344e-04
6.520867347717285156e-03 -4.199296236038208008e-04
6.520390510559082031e-03 -4.236400127410888672e-04
6.520032882690429688e-03 -4.273504018783569336e-04
6.519794464111328125e-03 -4.310011863708496094e-04
6.519198417663574219e-03 -4.354640841484069824e-04
6.518721580505371094e-03 -4.391744732856750488e-04
6.518244743347167969e-03 -4.428252577781677246e-04
6.517648696899414062e-03 -4.465356469154357910e-04
6.517171859741210938e-03 -4.501864314079284668e-04
6.517291069030761719e-03 -4.538372159004211426e-04
6.517410278320312500e-03 -4.575476050376892090e-04
6.517291069030761719e-03 -4.611983895301818848e-04
6.516814231872558594e-03 -4.648491740226745605e-04
6.516337394714355469e-03 -4.680380225181579590e-04
6.515741348266601562e-03 -4.717484116554260254e-04
6.515145301818847656e-03 -4.749372601509094238e-04
6.514549255371093750e-03 -4.780665040016174316e-04
6.514191627502441406e-03 -4.810765385627746582e-04
6.513595581054687500e-03 -4.837438464164733887e-04
6.513118743896484375e-03 -4.863515496253967285e-04
6.512522697448730469e-03 -4.889667034149169922e-04
6.512045860290527344e-03 -4.918575286865234375e-04
6.511449813842773438e-03 -4.949271678924560547e-04
6.510972976684570312e-03 -4.979372024536132812e-04
6.510734558105468750e-03 -5.011260509490966797e-04
6.510496139526367188e-03 -5.037337541580200195e-04
6.510257720947265625e-03 -5.064010620117187500e-04
6.509900093078613281e-03 -5.090087652206420898e-04
6.509542465209960938e-03 -5.116164684295654297e-04
6.509542465209960938e-03 -5.142837762832641602e-04
6.509542465209960938e-03 -5.168914794921875000e-04
6.509542465209960938e-03 -5.194991827011108398e-04
6.509423255920410156e-03 -5.221664905548095703e-04
6.508827209472656250e-03 -5.247741937637329102e-04
6.508231163024902344e-03 -5.276799201965332031e-04
6.507754325866699219e-03 -5.300045013427734375e-04
6.507158279418945312e-03 -5.323737859725952148e-04
6.506681442260742188e-03 -5.346983671188354492e-04
6.506085395812988281e-03 -5.368888378143310547e-04
6.505727767944335938e-03 -5.389750003814697266e-04
6.505489349365234375e-03 -5.410611629486083984e-04
6.505489349365234375e-03 -5.432069301605224609e-04
6.505489349365234375e-03 -5.452930927276611328e-04
6.505608558654785156e-03 -5.473792552947998047e-04
6.505370140075683594e-03 -5.498230457305908203e-04
6.504893302917480469e-03 -5.519092082977294922e-04
6.504654884338378906e-03 -5.540549755096435547e-04
6.504416465759277344e-03 -5.558431148529052734e-04
6.503939628601074219e-03 -5.577057600021362305e-04
6.503343582153320312e-03 -5.597323179244995117e-04
6.502866744995117188e-03 -5.618780851364135742e-04
6.502270698547363281e-03 -5.639642477035522461e-04
6.501913070678710938e-03 -5.660504102706909180e-04
6.501555442810058594e-03 -5.681961774826049805e-04
6.501078605651855469e-03 -5.705058574676513672e-04
6.500840187072753906e-03 -5.723088979721069336e-04
6.500720977783203125e-03 -5.741119384765625000e-04
6.500601768493652344e-03 -5.759596824645996094e-04
6.500601768493652344e-03 -5.777627229690551758e-04
6.500720977783203125e-03 -5.795508623123168945e-04
6.500482559204101562e-03 -5.814135074615478516e-04
6.500244140625000000e-03 -5.830377340316772461e-04
6.500005722045898438e-03 -5.846023559570312500e-04
6.499648094177246094e-03 -5.862265825271606445e-04
6.499290466308593750e-03 -5.880743265151977539e-04
6.499052047729492188e-03 -5.896389484405517578e-04
6.498575210571289062e-03 -5.912035703659057617e-04
6.498217582702636719e-03 -5.925297737121582031e-04
6.498217582702636719e-03 -5.937516689300537109e-04
6.497859954833984375e-03 -5.949735641479492188e-04
6.497740745544433594e-03 -5.961954593658447266e-04
6.497740745544433594e-03 -5.973428487777709961e-04
6.497621536254882812e-03 -5.986839532852172852e-04
6.497621536254882812e-03 -6.001293659210205078e-04
6.497383117675781250e-03 -6.015747785568237305e-04
6.497502326965332031e-03 -6.027370691299438477e-04
6.497144699096679688e-03 -6.039589643478393555e-04
6.496667861938476562e-03 -6.051659584045410156e-04
6.496071815490722656e-03 -6.063878536224365234e-04
6.495594978332519531e-03 -6.076097488403320312e-04
6.494998931884765625e-03 -6.088316440582275391e-04
6.494522094726562500e-03 -6.101578474044799805e-04
6.493926048278808594e-03 -6.114393472671508789e-04
6.493568420410156250e-03 -6.127655506134033203e-04
6.493091583251953125e-03 -6.141513586044311523e-04
6.492733955383300781e-03 -6.153732538223266602e-04
6.492376327514648438e-03 -6.165951490402221680e-04
6.492257118225097656e-03 -6.179809570312500000e-04
6.492614746093750000e-03 -6.192028522491455078e-04
6.492972373962402344e-03 -6.204098463058471680e-04
6.492972373962402344e-03 -6.216317415237426758e-04
6.492614746093750000e-03 -6.227940320968627930e-04
6.492137908935546875e-03 -6.240159273147583008e-04
6.492137908935546875e-03 -6.252229213714599609e-04
6.492257118225097656e-03 -6.266236305236816406e-04
6.492376327514648438e-03 -6.278306245803833008e-04
6.492376327514648438e-03 -6.289929151535034180e-04
6.492376327514648438e-03 -6.300359964370727539e-04
6.492018699645996094e-03 -6.310790777206420898e-04
6.491661071777343750e-03 -6.321221590042114258e-04
6.491065025329589844e-03 -6.331652402877807617e-04
6.490945816040039062e-03 -6.342083215713500977e-04
6.490707397460937500e-03 -6.354302167892456055e-04
6.490826606750488281e-03 -6.366521120071411133e-04
6.490468978881835938e-03 -6.380379199981689453e-04
6.490588188171386719e-03 -6.390810012817382812e-04
6.490826606750488281e-03 -6.401240825653076172e-04
6.490588188171386719e-03 -6.411671638488769531e-04
6.490468978881835938e-03 -6.422698497772216797e-04
6.490111351013183594e-03 -6.433129310607910156e-04
6.489992141723632812e-03 -6.441771984100341797e-04
6.490111351013183594e-03 -6.447583436965942383e-04
6.490230560302734375e-03 -6.453990936279296875e-04
6.490111351013183594e-03 -6.463229656219482422e-04
6.489753723144531250e-03 -6.471425294876098633e-04
6.489634513854980469e-03 -6.477236747741699219e-04
6.489396095275878906e-03 -6.483495235443115234e-04
6.489276885986328125e-03 -6.489306688308715820e-04
6.488800048828125000e-03 -6.495714187622070312e-04
6.488204002380371094e-03 -6.501525640487670898e-04
6.487727165222167969e-03 -6.510168313980102539e-04
6.487488746643066406e-03 -6.518363952636718750e-04
6.487131118774414062e-03 -6.527602672576904297e-04
6.486892700195312500e-03 -6.536245346069335938e-04
6.486892700195312500e-03 -6.547272205352783203e-04
6.486892700195312500e-03 -6.554275751113891602e-04
6.486892700195312500e-03 -6.560087203979492188e-04
6.486773490905761719e-03 -6.565898656845092773e-04
6.486654281616210938e-03 -6.572157144546508789e-04
6.486296653747558594e-03 -6.577968597412109375e-04
6.486058235168457031e-03 -6.584376096725463867e-04
6.486177444458007812e-03 -6.591379642486572266e-04
6.486296653747558594e-03 -6.597787141799926758e-04
6.486058235168457031e-03 -6.604045629501342773e-04
6.486177444458007812e-03 -6.613433361053466797e-04
6.486058235168457031e-03 -6.619095802307128906e-04
6.485939025878906250e-03 -6.625503301620483398e-04
6.485819816589355469e-03 -6.633102893829345703e-04
6.485819816589355469e-03 -6.642341613769531250e-04
6.485700607299804688e-03 -6.649345159530639648e-04
6.485223770141601562e-03 -6.656795740127563477e-04
6.484866142272949219e-03 -6.663799285888671875e-04
6.484270095825195312e-03 -6.670802831649780273e-04
6.483793258666992188e-03 -6.678849458694458008e-04
6.483078002929687500e-03 -6.685853004455566406e-04
6.482601165771484375e-03 -6.691664457321166992e-04
6.482362747192382812e-03 -6.697922945022583008e-04
6.482839584350585938e-03 -6.703734397888183594e-04
6.482839584350585938e-03 -6.708949804306030273e-04
6.482601165771484375e-03 -6.714165210723876953e-04
6.482601165771484375e-03 -6.719380617141723633e-04
6.482481956481933594e-03 -6.724596023559570312e-04
6.482362747192382812e-03 -6.729811429977416992e-04
6.482124328613281250e-03 -6.735026836395263672e-04
6.482124328613281250e-03 -6.741434335708618164e-04
6.482124328613281250e-03 -6.746649742126464844e-04
6.482005119323730469e-03 -6.751865148544311523e-04
6.481885910034179688e-03 -6.757080554962158203e-04
6.481647491455078125e-03 -6.762295961380004883e-04
6.481885910034179688e-03 -6.767511367797851562e-04
6.481885910034179688e-03 -6.772726774215698242e-04
6.481647491455078125e-03 -6.777942180633544922e-04
6.481170654296875000e-03 -6.783157587051391602e-04
6.480932235717773438e-03 -6.788372993469238281e-04
6.481170654296875000e-03 -6.794780492782592773e-04
6.481051445007324219e-03 -6.799995899200439453e-04
6.480693817138671875e-03 -6.802380084991455078e-04
6.480574607849121094e-03 -6.804615259170532227e-04
6.480574607849121094e-03 -6.806999444961547852e-04
6.480813026428222656e-03 -6.811618804931640625e-04
6.481051445007324219e-03 -6.816834211349487305e-04
6.480932235717773438e-03 -6.822645664215087891e-04
6.480455398559570312e-03 -6.827861070632934570e-04
6.479978561401367188e-03 -6.833076477050781250e-04
6.479382514953613281e-03 -6.838887929916381836e-04
6.479144096374511719e-03 -6.844103336334228516e-04
6.478905677795410156e-03 -6.849318742752075195e-04
6.478667259216308594e-03 -6.854534149169921875e-04
6.478548049926757812e-03 -6.859153509140014648e-04
6.478667259216308594e-03 -6.862580776214599609e-04
6.478667259216308594e-03 -6.867796182632446289e-04
6.478667259216308594e-03 -6.873011589050292969e-04
6.478667259216308594e-03 -6.878823041915893555e-04
6.478309631347656250e-03 -6.884038448333740234e-04
6.477832794189453125e-03 -6.885230541229248047e-04
6.477236747741699219e-03 -6.888061761856079102e-04
6.476759910583496094e-03 -6.893277168273925781e-04
6.476283073425292969e-03 -6.898492574691772461e-04
6.476044654846191406e-03 -6.903707981109619141e-04
6.475567817687988281e-03 -6.906092166900634766e-04
6.475210189819335938e-03 -6.907284259796142578e-04
6.474971771240234375e-03 -6.906688213348388672e-04
6.474614143371582031e-03 -6.906092166900634766e-04
6.474256515502929688e-03 -6.908327341079711914e-04
6.474018096923828125e-03 -6.910711526870727539e-04
6.474018096923828125e-03 -6.913542747497558594e-04
6.474018096923828125e-03 -6.916522979736328125e-04
6.474018096923828125e-03 -6.921738386154174805e-04
6.474256515502929688e-03 -6.926953792572021484e-04
6.474018096923828125e-03 -6.932169198989868164e-04
6.473779678344726562e-03 -6.937384605407714844e-04
6.473660469055175781e-03 -6.942600011825561523e-04
6.473541259765625000e-03 -6.946027278900146484e-04
6.473183631896972656e-03 -6.944388151168823242e-04
